'Elapsed time','ECG'
'hh:mm:ss.mmm','mV'
'0:00.000',-0.140
'0:00.010',-0.120
'0:00.020',-0.030
'0:00.030',0.095
'0:00.040',0.085
'0:00.050',0.085
'0:00.060',0.250
'0:00.070',0.095
'0:00.080',-0.670
'0:00.090',-0.900
'0:00.100',-0.145
'0:00.110',0.300
'0:00.120',0.600
'0:00.130',0.645
'0:00.140',0.540
'0:00.150',0.250
'0:00.160',0.230
'0:00.170',0.210
'0:00.180',0.175
'0:00.190',0.225
'0:00.200',0.170
'0:00.210',0.180
'0:00.220',0.200
'0:00.230',0.220
'0:00.240',0.150
'0:00.250',0.105
'0:00.260',0.050
'0:00.270',0.030
'0:00.280',-0.050
'0:00.290',-0.085
'0:00.300',-0.175
'0:00.310',-0.215
'0:00.320',-0.345
'0:00.330',-0.455
'0:00.340',-0.450
'0:00.350',-0.540
'0:00.360',-0.535
'0:00.370',-0.475
'0:00.380',-0.350
'0:00.390',-0.290
'0:00.400',-0.070
'0:00.410',0.010
'0:00.420',0.200
'0:00.430',0.105
'0:00.440',0.080
'0:00.450',0.000
'0:00.460',0.145
'0:00.470',0.090
'0:00.480',-0.020
'0:00.490',-0.040
'0:00.500',0.075
'0:00.510',0.095
'0:00.520',0.100
'0:00.530',0.115
'0:00.540',0.365
'0:00.550',0.180
'0:00.560',0.135
'0:00.570',0.230
'0:00.580',0.120
'0:00.590',0.195
'0:00.600',0.075
'0:00.610',0.040
'0:00.620',-0.060
'0:00.630',-0.130
'0:00.640',-0.210
'0:00.650',-0.065
'0:00.660',-0.045
'0:00.670',0.025
'0:00.680',0.000
'0:00.690',0.185
'0:00.700',0.110
'0:00.710',0.245
'0:00.720',0.155
'0:00.730',0.220
'0:00.740',0.205
'0:00.750',0.255
'0:00.760',0.260
'0:00.770',0.320
'0:00.780',-0.085
'0:00.790',-0.980
'0:00.800',-0.760
'0:00.810',0.065
'0:00.820',0.420
'0:00.830',0.690
'0:00.840',0.665
'0:00.850',0.360
'0:00.860',0.215
'0:00.870',0.280
'0:00.880',0.215
'0:00.890',0.275
'0:00.900',0.185
'0:00.910',0.265
'0:00.920',0.215
'0:00.930',0.245
'0:00.940',0.165
'0:00.950',0.120
'0:00.960',0.190
'0:00.970',0.155
'0:00.980',0.130
'0:00.990',0.030
'0:01.000',-0.015
'0:01.010',-0.110
'0:01.020',-0.235
'0:01.030',-0.280
'0:01.040',-0.370
'0:01.050',-0.415
'0:01.060',-0.365
'0:01.070',-0.305
'0:01.080',-0.260
'0:01.090',-0.145
'0:01.100',0.000
'0:01.110',0.015
'0:01.120',0.095
'0:01.130',0.075
'0:01.140',0.155
'0:01.150',-0.065
'0:01.160',0.050
'0:01.170',-0.050
'0:01.180',-0.360
'0:01.190',-0.435
'0:01.200',-0.125
'0:01.210',-0.140
'0:01.220',-0.005
'0:01.230',0.065
'0:01.240',0.230
'0:01.250',-0.115
'0:01.260',-0.340
'0:01.270',-0.420
'0:01.280',-0.410
'0:01.290',-0.085
'0:01.300',-0.065
'0:01.310',-0.090
'0:01.320',0.130
'0:01.330',0.050
'0:01.340',0.095
'0:01.350',0.025
'0:01.360',0.005
'0:01.370',-0.075
'0:01.380',-0.140
'0:01.390',0.190
'0:01.400',0.160
'0:01.410',0.015
'0:01.420',0.185
'0:01.430',0.165
'0:01.440',0.055
'0:01.450',0.070
'0:01.460',-0.030
'0:01.470',0.075
'0:01.480',0.050
'0:01.490',-0.180
'0:01.500',-1.240
'0:01.510',-0.645
'0:01.520',0.075
'0:01.530',0.290
'0:01.540',0.640
'0:01.550',0.500
'0:01.560',0.235
'0:01.570',0.105
'0:01.580',0.115
'0:01.590',0.075
'0:01.600',0.235
'0:01.610',0.370
'0:01.620',0.265
'0:01.630',0.230
'0:01.640',0.160
'0:01.650',0.220
'0:01.660',0.190
'0:01.670',0.085
'0:01.680',0.085
'0:01.690',-0.015
'0:01.700',-0.020
'0:01.710',-0.125
'0:01.720',-0.275
'0:01.730',-0.345
'0:01.740',-0.505
'0:01.750',-0.490
'0:01.760',-0.470
'0:01.770',-0.440
'0:01.780',-0.350
'0:01.790',-0.265
'0:01.800',-0.280
'0:01.810',-0.205
'0:01.820',0.055
'0:01.830',0.030
'0:01.840',0.180
'0:01.850',0.060
'0:01.860',0.085
'0:01.870',0.305
'0:01.880',0.185
'0:01.890',0.170
'0:01.900',0.330
'0:01.910',0.420
'0:01.920',0.405
'0:01.930',0.485
'0:01.940',0.320
'0:01.950',0.460
'0:01.960',0.330
'0:01.970',0.215
'0:01.980',0.245
'0:01.990',0.090
'0:02.000',-0.025
'0:02.010',-0.310
'0:02.020',-0.310
'0:02.030',-0.100
'0:02.040',-0.030
'0:02.050',-0.085
'0:02.060',-0.045
'0:02.070',-0.240
'0:02.080',-0.075
'0:02.090',-0.090
'0:02.100',-0.015
'0:02.110',0.095
'0:02.120',0.250
'0:02.130',0.120
'0:02.140',0.145
'0:02.150',0.250
'0:02.160',0.160
'0:02.170',0.075
'0:02.180',0.325
'0:02.190',0.280
'0:02.200',-0.450
'0:02.210',-1.120
'0:02.220',-0.770
'0:02.230',0.260
'0:02.240',0.550
'0:02.250',0.650
'0:02.260',0.530
'0:02.270',0.325
'0:02.280',0.180
'0:02.290',0.250
'0:02.300',0.140
'0:02.310',0.145
'0:02.320',0.100
'0:02.330',0.125
'0:02.340',0.095
'0:02.350',0.110
'0:02.360',0.065
'0:02.370',0.055
'0:02.380',0.025
'0:02.390',0.010
'0:02.400',-0.050
'0:02.410',-0.075
'0:02.420',-0.205
'0:02.430',-0.300
'0:02.440',-0.375
'0:02.450',-0.445
'0:02.460',-0.500
'0:02.470',-0.520
'0:02.480',-0.485
'0:02.490',-0.405
'0:02.500',-0.315
'0:02.510',-0.230
'0:02.520',-0.125
'0:02.530',-0.110
'0:02.540',0.005
'0:02.550',0.080
'0:02.560',0.030
'0:02.570',0.110
'0:02.580',0.075
'0:02.590',0.085
'0:02.600',0.145
'0:02.610',0.080
'0:02.620',0.160
'0:02.630',0.160
'0:02.640',0.030
'0:02.650',0.200
'0:02.660',0.305
'0:02.670',0.215
'0:02.680',0.025
'0:02.690',0.105
'0:02.700',0.160
'0:02.710',0.175
'0:02.720',0.135
'0:02.730',0.070
'0:02.740',0.070
'0:02.750',0.080
'0:02.760',-0.005
'0:02.770',-0.070
'0:02.780',-0.045
'0:02.790',0.145
'0:02.800',0.095
'0:02.810',0.235
'0:02.820',0.260
'0:02.830',0.315
'0:02.840',0.285
'0:02.850',0.295
'0:02.860',0.105
'0:02.870',-0.275
'0:02.880',0.340
'0:02.890',0.410
'0:02.900',0.315
'0:02.910',0.115
'0:02.920',-1.065
'0:02.930',-0.905
'0:02.940',-0.065
'0:02.950',0.275
'0:02.960',0.535
'0:02.970',0.625
'0:02.980',0.325
'0:02.990',0.000
'0:03.000',0.020
'0:03.010',0.010
'0:03.020',0.000
'0:03.030',0.000
'0:03.040',-0.050
'0:03.050',-0.045
'0:03.060',-0.115
'0:03.070',-0.130
'0:03.080',-0.135
'0:03.090',-0.100
'0:03.100',-0.105
'0:03.110',-0.120
'0:03.120',-0.145
'0:03.130',-0.225
'0:03.140',-0.300
'0:03.150',-0.400
'0:03.160',-0.475
'0:03.170',-0.525
'0:03.180',-0.560
'0:03.190',-0.515
'0:03.200',-0.400
'0:03.210',-0.285
'0:03.220',-0.210
'0:03.230',-0.125
'0:03.240',-0.045
'0:03.250',-0.055
'0:03.260',-0.005
'0:03.270',-0.030
'0:03.280',-0.090
'0:03.290',-0.085
'0:03.300',-0.070
'0:03.310',-0.030
'0:03.320',-0.045
'0:03.330',-0.025
'0:03.340',-0.025
'0:03.350',0.000
'0:03.360',-0.045
'0:03.370',-0.040
'0:03.380',-0.095
'0:03.390',-0.100
'0:03.400',-0.120
'0:03.410',-0.140
'0:03.420',-0.145
'0:03.430',-0.110
'0:03.440',-0.085
'0:03.450',-0.090
'0:03.460',-0.145
'0:03.470',-0.115
'0:03.480',-0.185
'0:03.490',-0.305
'0:03.500',-0.330
'0:03.510',-0.290
'0:03.520',-0.305
'0:03.530',-0.295
'0:03.540',-0.280
'0:03.550',-0.205
'0:03.560',-0.210
'0:03.570',-0.195
'0:03.580',-0.180
'0:03.590',-0.160
'0:03.600',-0.155
'0:03.610',-0.025
'0:03.620',-0.005
'0:03.630',-0.455
'0:03.640',-0.730
'0:03.650',-0.120
'0:03.660',0.405
'0:03.670',0.665
'0:03.680',0.720
'0:03.690',0.725
'0:03.700',1.950
'0:03.710',2.705
'0:03.720',2.225
'0:03.730',1.600
'0:03.740',1.085
'0:03.750',0.810
'0:03.760',0.630
'0:03.770',0.475
'0:03.780',0.305
'0:03.790',0.205
'0:03.800',0.135
'0:03.810',0.030
'0:03.820',-0.035
'0:03.830',-0.065
'0:03.840',-0.160
'0:03.850',-0.250
'0:03.860',-0.325
'0:03.870',-0.415
'0:03.880',-0.485
'0:03.890',-0.560
'0:03.900',-0.565
'0:03.910',-0.525
'0:03.920',-0.450
'0:03.930',-0.335
'0:03.940',-0.235
'0:03.950',-0.130
'0:03.960',-0.035
'0:03.970',0.030
'0:03.980',0.025
'0:03.990',0.045
'0:04.000',0.000
'0:04.010',0.045
'0:04.020',0.015
'0:04.030',0.055
'0:04.040',0.030
'0:04.050',0.025
'0:04.060',0.045
'0:04.070',0.035
'0:04.080',-0.010
'0:04.090',-0.015
'0:04.100',-0.065
'0:04.110',-0.110
'0:04.120',-0.175
'0:04.130',-0.195
'0:04.140',-0.245
'0:04.150',-0.215
'0:04.160',-0.285
'0:04.170',-0.290
'0:04.180',-0.255
'0:04.190',-0.270
'0:04.200',-0.350
'0:04.210',-0.270
'0:04.220',-0.275
'0:04.230',-0.170
'0:04.240',-0.020
'0:04.250',0.090
'0:04.260',0.225
'0:04.270',0.300
'0:04.280',0.195
'0:04.290',0.185
'0:04.300',0.115
'0:04.310',0.140
'0:04.320',0.295
'0:04.330',0.235
'0:04.340',-0.150
'0:04.350',-1.045
'0:04.360',-0.565
'0:04.370',0.265
'0:04.380',0.465
'0:04.390',0.645
'0:04.400',0.660
'0:04.410',0.300
'0:04.420',0.165
'0:04.430',0.135
'0:04.440',0.125
'0:04.450',0.115
'0:04.460',0.100
'0:04.470',0.110
'0:04.480',0.075
'0:04.490',0.065
'0:04.500',0.025
'0:04.510',0.050
'0:04.520',-0.015
'0:04.530',-0.030
'0:04.540',-0.090
'0:04.550',-0.165
'0:04.560',-0.265
'0:04.570',-0.320
'0:04.580',-0.430
'0:04.590',-0.465
'0:04.600',-0.520
'0:04.610',-0.515
'0:04.620',-0.510
'0:04.630',-0.395
'0:04.640',-0.315
'0:04.650',-0.205
'0:04.660',-0.135
'0:04.670',-0.055
'0:04.680',-0.020
'0:04.690',0.020
'0:04.700',0.045
'0:04.710',0.065
'0:04.720',0.065
'0:04.730',0.090
'0:04.740',0.100
'0:04.750',0.105
'0:04.760',0.100
'0:04.770',0.105
'0:04.780',0.070
'0:04.790',0.060
'0:04.800',0.040
'0:04.810',0.030
'0:04.820',0.015
'0:04.830',0.010
'0:04.840',0.005
'0:04.850',0.005
'0:04.860',0.000
'0:04.870',-0.005
'0:04.880',-0.015
'0:04.890',-0.045
'0:04.900',-0.095
'0:04.910',-0.170
'0:04.920',-0.160
'0:04.930',-0.085
'0:04.940',-0.030
'0:04.950',0.010
'0:04.960',0.045
'0:04.970',0.115
'0:04.980',0.130
'0:04.990',0.120
'0:05.000',0.135
'0:05.010',0.125
'0:05.020',0.115
'0:05.030',0.115
'0:05.040',0.235
'0:05.050',0.065
'0:05.060',-0.945
'0:05.070',-0.945
'0:05.080',-0.195
'0:05.090',0.295
'0:05.100',0.540
'0:05.110',0.635
'0:05.120',0.365
'0:05.130',0.150
'0:05.140',0.120
'0:05.150',0.130
'0:05.160',0.110
'0:05.170',0.080
'0:05.180',0.085
'0:05.190',0.080
'0:05.200',0.065
'0:05.210',0.020
'0:05.220',0.045
'0:05.230',0.020
'0:05.240',-0.010
'0:05.250',-0.080
'0:05.260',-0.080
'0:05.270',-0.175
'0:05.280',-0.280
'0:05.290',-0.410
'0:05.300',-0.430
'0:05.310',-0.535
'0:05.320',-0.550
'0:05.330',-0.595
'0:05.340',-0.505
'0:05.350',-0.385
'0:05.360',-0.280
'0:05.370',-0.225
'0:05.380',-0.080
'0:05.390',-0.035
'0:05.400',0.000
'0:05.410',0.015
'0:05.420',0.065
'0:05.430',0.030
'0:05.440',0.060
'0:05.450',0.110
'0:05.460',0.100
'0:05.470',0.105
'0:05.480',0.115
'0:05.490',0.120
'0:05.500',0.130
'0:05.510',0.150
'0:05.520',0.080
'0:05.530',0.115
'0:05.540',0.085
'0:05.550',0.090
'0:05.560',0.095
'0:05.570',0.090
'0:05.580',0.005
'0:05.590',0.065
'0:05.600',-0.030
'0:05.610',-0.070
'0:05.620',-0.130
'0:05.630',0.000
'0:05.640',-0.040
'0:05.650',0.045
'0:05.660',0.070
'0:05.670',0.210
'0:05.680',0.165
'0:05.690',0.175
'0:05.700',0.140
'0:05.710',0.165
'0:05.720',0.195
'0:05.730',0.175
'0:05.740',0.345
'0:05.750',0.145
'0:05.760',-0.765
'0:05.770',-1.300
'0:05.780',-0.500
'0:05.790',0.190
'0:05.800',0.485
'0:05.810',0.610
'0:05.820',0.605
'0:05.830',0.275
'0:05.840',0.200
'0:05.850',0.135
'0:05.860',0.095
'0:05.870',0.135
'0:05.880',0.075
'0:05.890',0.110
'0:05.900',0.120
'0:05.910',0.115
'0:05.920',0.040
'0:05.930',0.010
'0:05.940',0.035
'0:05.950',-0.005
'0:05.960',-0.095
'0:05.970',-0.125
'0:05.980',-0.320
'0:05.990',-0.330
'0:06.000',-0.430
'0:06.010',-0.510
'0:06.020',-0.555
'0:06.030',-0.585
'0:06.040',-0.480
'0:06.050',-0.320
'0:06.060',-0.280
'0:06.070',-0.150
'0:06.080',-0.095
'0:06.090',-0.050
'0:06.100',0.005
'0:06.110',0.005
'0:06.120',0.120
'0:06.130',0.050
'0:06.140',0.165
'0:06.150',0.050
'0:06.160',0.100
'0:06.170',0.150
'0:06.180',0.075
'0:06.190',0.060
'0:06.200',0.085
'0:06.210',0.080
'0:06.220',0.085
'0:06.230',0.000
'0:06.240',-0.030
'0:06.250',0.025
'0:06.260',0.010
'0:06.270',-0.040
'0:06.280',0.010
'0:06.290',0.045
'0:06.300',-0.075
'0:06.310',-0.040
'0:06.320',-0.055
'0:06.330',-0.130
'0:06.340',-0.165
'0:06.350',-0.035
'0:06.360',-0.070
'0:06.370',0.015
'0:06.380',0.030
'0:06.390',0.125
'0:06.400',0.025
'0:06.410',0.135
'0:06.420',0.160
'0:06.430',0.085
'0:06.440',0.110
'0:06.450',0.225
'0:06.460',0.235
'0:06.470',-0.225
'0:06.480',-1.415
'0:06.490',-1.190
'0:06.500',-0.160
'0:06.510',0.165
'0:06.520',0.585
'0:06.530',0.650
'0:06.540',0.445
'0:06.550',0.205
'0:06.560',0.190
'0:06.570',0.180
'0:06.580',0.110
'0:06.590',0.140
'0:06.600',0.180
'0:06.610',0.175
'0:06.620',0.150
'0:06.630',0.140
'0:06.640',0.075
'0:06.650',0.100
'0:06.660',0.055
'0:06.670',0.055
'0:06.680',-0.070
'0:06.690',-0.095
'0:06.700',-0.215
'0:06.710',-0.270
'0:06.720',-0.425
'0:06.730',-0.350
'0:06.740',-0.425
'0:06.750',-0.370
'0:06.760',-0.340
'0:06.770',-0.195
'0:06.780',-0.160
'0:06.790',-0.060
'0:06.800',0.000
'0:06.810',0.085
'0:06.820',0.085
'0:06.830',0.135
'0:06.840',0.130
'0:06.850',0.170
'0:06.860',0.155
'0:06.870',0.165
'0:06.880',0.180
'0:06.890',0.150
'0:06.900',0.145
'0:06.910',0.100
'0:06.920',0.115
'0:06.930',0.055
'0:06.940',0.085
'0:06.950',0.065
'0:06.960',0.070
'0:06.970',0.035
'0:06.980',0.070
'0:06.990',0.055
'0:07.000',0.105
'0:07.010',0.085
'0:07.020',0.110
'0:07.030',0.100
'0:07.040',0.105
'0:07.050',0.050
'0:07.060',0.040
'0:07.070',0.000
'0:07.080',-0.090
'0:07.090',-0.025
'0:07.100',0.040
'0:07.110',0.060
'0:07.120',0.055
'0:07.130',0.145
'0:07.140',0.155
'0:07.150',0.195
'0:07.160',0.180
'0:07.170',0.190
'0:07.180',0.140
'0:07.190',0.210
'0:07.200',0.290
'0:07.210',0.250
'0:07.220',-0.310
'0:07.230',-1.220
'0:07.240',-0.925
'0:07.250',0.070
'0:07.260',0.395
'0:07.270',0.655
'0:07.280',0.610
'0:07.290',0.320
'0:07.300',0.165
'0:07.310',0.220
'0:07.320',0.145
'0:07.330',0.185
'0:07.340',0.160
'0:07.350',0.180
'0:07.360',0.135
'0:07.370',0.130
'0:07.380',0.155
'0:07.390',0.075
'0:07.400',0.090
'0:07.410',0.010
'0:07.420',0.015
'0:07.430',-0.080
'0:07.440',-0.150
'0:07.450',-0.315
'0:07.460',-0.350
'0:07.470',-0.465
'0:07.480',-0.475
'0:07.490',-0.550
'0:07.500',-0.475
'0:07.510',-0.415
'0:07.520',-0.280
'0:07.530',-0.210
'0:07.540',-0.090
'0:07.550',-0.050
'0:07.560',0.040
'0:07.570',0.050
'0:07.580',0.105
'0:07.590',0.105
'0:07.600',0.140
'0:07.610',0.125
'0:07.620',0.145
'0:07.630',0.150
'0:07.640',0.145
'0:07.650',0.140
'0:07.660',0.140
'0:07.670',0.125
'0:07.680',0.130
'0:07.690',0.095
'0:07.700',0.095
'0:07.710',0.075
'0:07.720',0.060
'0:07.730',0.055
'0:07.740',0.065
'0:07.750',0.070
'0:07.760',0.085
'0:07.770',0.070
'0:07.780',0.090
'0:07.790',0.095
'0:07.800',0.080
'0:07.810',0.060
'0:07.820',0.030
'0:07.830',0.000
'0:07.840',-0.095
'0:07.850',-0.045
'0:07.860',-0.010
'0:07.870',0.030
'0:07.880',0.045
'0:07.890',0.125
'0:07.900',0.155
'0:07.910',0.195
'0:07.920',0.165
'0:07.930',0.190
'0:07.940',0.165
'0:07.950',0.185
'0:07.960',0.170
'0:07.970',0.330
'0:07.980',0.160
'0:07.990',-0.695
'0:08.000',-1.195
'0:08.010',-0.580
'0:08.020',0.175
'0:08.030',0.550
'0:08.040',0.650
'0:08.050',0.480
'0:08.060',0.190
'0:08.070',0.205
'0:08.080',0.175
'0:08.090',0.180
'0:08.100',0.165
'0:08.110',0.150
'0:08.120',0.160
'0:08.130',0.115
'0:08.140',0.140
'0:08.150',0.090
'0:08.160',0.095
'0:08.170',0.050
'0:08.180',0.015
'0:08.190',-0.050
'0:08.200',-0.115
'0:08.210',-0.220
'0:08.220',-0.330
'0:08.230',-0.425
'0:08.240',-0.485
'0:08.250',-0.550
'0:08.260',-0.550
'0:08.270',-0.515
'0:08.280',-0.410
'0:08.290',-0.300
'0:08.300',-0.205
'0:08.310',-0.105
'0:08.320',-0.040
'0:08.330',0.005
'0:08.340',0.040
'0:08.350',0.060
'0:08.360',0.055
'0:08.370',0.085
'0:08.380',0.090
'0:08.390',0.100
'0:08.400',0.105
'0:08.410',0.110
'0:08.420',0.105
'0:08.430',0.110
'0:08.440',0.095
'0:08.450',0.100
'0:08.460',0.095
'0:08.470',0.080
'0:08.480',0.060
'0:08.490',0.060
'0:08.500',0.055
'0:08.510',0.040
'0:08.520',0.060
'0:08.530',0.060
'0:08.540',0.080
'0:08.550',0.060
'0:08.560',0.055
'0:08.570',0.040
'0:08.580',0.025
'0:08.590',-0.030
'0:08.600',-0.100
'0:08.610',-0.095
'0:08.620',-0.040
'0:08.630',-0.005
'0:08.640',0.030
'0:08.650',0.090
'0:08.660',0.140
'0:08.670',0.155
'0:08.680',0.160
'0:08.690',0.160
'0:08.700',0.160
'0:08.710',0.170
'0:08.720',0.160
'0:08.730',0.275
'0:08.740',0.225
'0:08.750',-0.295
'0:08.760',-1.190
'0:08.770',-0.775
'0:08.780',0.100
'0:08.790',0.440
'0:08.800',0.640
'0:08.810',0.590
'0:08.820',0.240
'0:08.830',0.185
'0:08.840',0.180
'0:08.850',0.170
'0:08.860',0.160
'0:08.870',0.145
'0:08.880',0.145
'0:08.890',0.130
'0:08.900',0.135
'0:08.910',0.095
'0:08.920',0.100
'0:08.930',0.055
'0:08.940',0.030
'0:08.950',-0.025
'0:08.960',-0.085
'0:08.970',-0.195
'0:08.980',-0.275
'0:08.990',-0.380
'0:09.000',-0.460
'0:09.010',-0.525
'0:09.020',-0.545
'0:09.030',-0.520
'0:09.040',-0.430
'0:09.050',-0.330
'0:09.060',-0.220
'0:09.070',-0.125
'0:09.080',-0.050
'0:09.090',0.000
'0:09.100',0.045
'0:09.110',0.060
'0:09.120',0.075
'0:09.130',0.090
'0:09.140',0.105
'0:09.150',0.110
'0:09.160',0.100
'0:09.170',0.125
'0:09.180',0.120
'0:09.190',0.125
'0:09.200',0.100
'0:09.210',0.110
'0:09.220',0.100
'0:09.230',0.090
'0:09.240',0.080
'0:09.250',0.075
'0:09.260',0.080
'0:09.270',0.065
'0:09.280',0.075
'0:09.290',0.085
'0:09.300',0.090
'0:09.310',0.100
'0:09.320',0.095
'0:09.330',0.095
'0:09.340',0.055
'0:09.350',0.035
'0:09.360',-0.025
'0:09.370',-0.100
'0:09.380',-0.065
'0:09.390',-0.005
'0:09.400',0.025
'0:09.410',0.075
'0:09.420',0.115
'0:09.430',0.150
'0:09.440',0.155
'0:09.450',0.165
'0:09.460',0.180
'0:09.470',0.175
'0:09.480',0.160
'0:09.490',0.160
'0:09.500',0.295
'0:09.510',0.180
'0:09.520',-0.630
'0:09.530',-1.075
'0:09.540',-0.510
'0:09.550',0.200
'0:09.560',0.530
'0:09.570',0.685
'0:09.580',0.505
'0:09.590',0.205
'0:09.600',0.175
'0:09.610',0.165
'0:09.620',0.165
'0:09.630',0.155
'0:09.640',0.140
'0:09.650',0.135
'0:09.660',0.115
'0:09.670',0.115
'0:09.680',0.090
'0:09.690',0.075
'0:09.700',0.035
'0:09.710',0.000
'0:09.720',-0.055
'0:09.730',-0.125
'0:09.740',-0.215
'0:09.750',-0.320
'0:09.760',-0.425
'0:09.770',-0.485
'0:09.780',-0.540
'0:09.790',-0.550
'0:09.800',-0.520
'0:09.810',-0.420
'0:09.820',-0.315
'0:09.830',-0.205
'0:09.840',-0.125
'0:09.850',-0.055
'0:09.860',-0.005
'0:09.870',0.025
'0:09.880',0.050
'0:09.890',0.060
'0:09.900',0.080
'0:09.910',0.090
'0:09.920',0.095
'0:09.930',0.095
'0:09.940',0.115
'0:09.950',0.080
'0:09.960',0.105
'0:09.970',0.090
'0:09.980',0.120
'0:09.990',0.065
'0:10.000',0.090
'0:10.010',0.030
'0:10.020',0.060
'0:10.030',0.100
'0:10.040',0.065
'0:10.050',0.045
'0:10.060',0.075
'0:10.070',0.010
'0:10.080',0.105
'0:10.090',0.035
'0:10.100',0.120
'0:10.110',0.040
'0:10.120',0.070
'0:10.130',-0.020
'0:10.140',-0.075
'0:10.150',-0.160
'0:10.160',-0.095
'0:10.170',-0.045
'0:10.180',-0.020
'0:10.190',0.025
'0:10.200',0.085
'0:10.210',0.140
'0:10.220',0.120
'0:10.230',0.165
'0:10.240',0.125
'0:10.250',0.175
'0:10.260',0.090
'0:10.270',0.140
'0:10.280',0.225
'0:10.290',0.185
'0:10.300',-0.540
'0:10.310',-1.030
'0:10.320',-0.565
'0:10.330',0.210
'0:10.340',0.470
'0:10.350',0.655
'0:10.360',0.485
'0:10.370',0.160
'0:10.380',0.135
'0:10.390',0.140
'0:10.400',0.160
'0:10.410',0.110
'0:10.420',0.090
'0:10.430',0.100
'0:10.440',0.090
'0:10.450',0.100
'0:10.460',0.065
'0:10.470',0.075
'0:10.480',0.030
'0:10.490',-0.020
'0:10.500',-0.060
'0:10.510',-0.145
'0:10.520',-0.230
'0:10.530',-0.345
'0:10.540',-0.420
'0:10.550',-0.505
'0:10.560',-0.545
'0:10.570',-0.565
'0:10.580',-0.525
'0:10.590',-0.450
'0:10.600',-0.335
'0:10.610',-0.285
'0:10.620',-0.150
'0:10.630',-0.075
'0:10.640',0.005
'0:10.650',0.000
'0:10.660',0.060
'0:10.670',0.025
'0:10.680',0.070
'0:10.690',0.065
'0:10.700',0.100
'0:10.710',0.075
'0:10.720',0.090
'0:10.730',0.080
'0:10.740',0.095
'0:10.750',0.075
'0:10.760',0.055
'0:10.770',0.030
'0:10.780',0.040
'0:10.790',0.040
'0:10.800',0.020
'0:10.810',0.015
'0:10.820',0.010
'0:10.830',0.020
'0:10.840',0.045
'0:10.850',0.045
'0:10.860',0.055
'0:10.870',0.045
'0:10.880',0.035
'0:10.890',0.055
'0:10.900',0.050
'0:10.910',0.020
'0:10.920',-0.050
'0:10.930',-0.080
'0:10.940',-0.175
'0:10.950',-0.005
'0:10.960',-0.015
'0:10.970',0.055
'0:10.980',0.035
'0:10.990',0.145
'0:11.000',0.110
'0:11.010',0.180
'0:11.020',0.100
'0:11.030',0.190
'0:11.040',0.095
'0:11.050',0.120
'0:11.060',0.195
'0:11.070',0.285
'0:11.080',-0.015
'0:11.090',-1.090
'0:11.100',-0.890
'0:11.110',-0.020
'0:11.120',0.275
'0:11.130',0.575
'0:11.140',0.630
'0:11.150',0.435
'0:11.160',0.190
'0:11.170',0.115
'0:11.180',0.145
'0:11.190',0.095
'0:11.200',0.120
'0:11.210',0.110
'0:11.220',0.110
'0:11.230',0.100
'0:11.240',0.060
'0:11.250',0.055
'0:11.260',0.035
'0:11.270',0.000
'0:11.280',-0.060
'0:11.290',-0.090
'0:11.300',-0.155
'0:11.310',-0.280
'0:11.320',-0.355
'0:11.330',-0.480
'0:11.340',-0.530
'0:11.350',-0.515
'0:11.360',-0.570
'0:11.370',-0.455
'0:11.380',-0.370
'0:11.390',-0.275
'0:11.400',-0.195
'0:11.410',-0.120
'0:11.420',0.000
'0:11.430',0.005
'0:11.440',0.015
'0:11.450',0.035
'0:11.460',0.095
'0:11.470',0.090
'0:11.480',0.095
'0:11.490',0.130
'0:11.500',0.120
'0:11.510',0.085
'0:11.520',0.110
'0:11.530',0.070
'0:11.540',0.135
'0:11.550',0.060
'0:11.560',0.050
'0:11.570',0.010
'0:11.580',0.030
'0:11.590',0.025
'0:11.600',0.030
'0:11.610',0.035
'0:11.620',0.055
'0:11.630',0.060
'0:11.640',0.060
'0:11.650',0.065
'0:11.660',0.070
'0:11.670',0.070
'0:11.680',0.055
'0:11.690',0.085
'0:11.700',0.055
'0:11.710',0.025
'0:11.720',-0.055
'0:11.730',-0.115
'0:11.740',-0.090
'0:11.750',0.000
'0:11.760',0.010
'0:11.770',0.060
'0:11.780',0.075
'0:11.790',0.140
'0:11.800',0.145
'0:11.810',0.155
'0:11.820',0.140
'0:11.830',0.165
'0:11.840',0.160
'0:11.850',0.155
'0:11.860',0.310
'0:11.870',0.190
'0:11.880',-0.645
'0:11.890',-1.150
'0:11.900',-0.565
'0:11.910',0.185
'0:11.920',0.530
'0:11.930',0.670
'0:11.940',0.550
'0:11.950',0.225
'0:11.960',0.160
'0:11.970',0.145
'0:11.980',0.165
'0:11.990',0.150
'0:12.000',0.130
'0:12.010',0.130
'0:12.020',0.130
'0:12.030',0.120
'0:12.040',0.090
'0:12.050',0.065
'0:12.060',0.085
'0:12.070',-0.010
'0:12.080',-0.050
'0:12.090',-0.120
'0:12.100',-0.190
'0:12.110',-0.260
'0:12.120',-0.440
'0:12.130',-0.465
'0:12.140',-0.520
'0:12.150',-0.530
'0:12.160',-0.520
'0:12.170',-0.415
'0:12.180',-0.285
'0:12.190',-0.215
'0:12.200',-0.145
'0:12.210',-0.065
'0:12.220',0.000
'0:12.230',0.055
'0:12.240',0.055
'0:12.250',0.105
'0:12.260',0.080
'0:12.270',0.105
'0:12.280',0.115
'0:12.290',0.130
'0:12.300',0.085
'0:12.310',0.115
'0:12.320',0.120
'0:12.330',0.080
'0:12.340',0.085
'0:12.350',0.025
'0:12.360',0.085
'0:12.370',0.025
'0:12.380',0.050
'0:12.390',0.015
'0:12.400',0.035
'0:12.410',0.080
'0:12.420',0.060
'0:12.430',0.060
'0:12.440',0.040
'0:12.450',0.070
'0:12.460',0.095
'0:12.470',0.085
'0:12.480',0.075
'0:12.490',0.060
'0:12.500',0.030
'0:12.510',0.015
'0:12.520',-0.055
'0:12.530',-0.125
'0:12.540',-0.010
'0:12.550',-0.035
'0:12.560',0.020
'0:12.570',0.070
'0:12.580',0.095
'0:12.590',0.165
'0:12.600',0.180
'0:12.610',0.165
'0:12.620',0.180
'0:12.630',0.160
'0:12.640',0.180
'0:12.650',0.160
'0:12.660',0.310
'0:12.670',0.100
'0:12.680',-1.020
'0:12.690',-1.000
'0:12.700',-0.280
'0:12.710',0.255
'0:12.720',0.565
'0:12.730',0.675
'0:12.740',0.375
'0:12.750',0.260
'0:12.760',0.155
'0:12.770',0.180
'0:12.780',0.175
'0:12.790',0.125
'0:12.800',0.130
'0:12.810',0.125
'0:12.820',0.120
'0:12.830',0.120
'0:12.840',0.090
'0:12.850',0.075
'0:12.860',0.065
'0:12.870',-0.010
'0:12.880',-0.060
'0:12.890',-0.160
'0:12.900',-0.200
'0:12.910',-0.340
'0:12.920',-0.425
'0:12.930',-0.530
'0:12.940',-0.505
'0:12.950',-0.525
'0:12.960',-0.495
'0:12.970',-0.420
'0:12.980',-0.275
'0:12.990',-0.195
'0:13.000',-0.135
'0:13.010',-0.025
'0:13.020',0.010
'0:13.030',0.050
'0:13.040',0.025
'0:13.050',0.045
'0:13.060',0.115
'0:13.070',0.095
'0:13.080',0.095
'0:13.090',0.115
'0:13.100',0.110
'0:13.110',0.095
'0:13.120',0.075
'0:13.130',0.075
'0:13.140',0.070
'0:13.150',0.050
'0:13.160',0.040
'0:13.170',0.045
'0:13.180',0.030
'0:13.190',0.005
'0:13.200',0.030
'0:13.210',0.040
'0:13.220',0.060
'0:13.230',0.065
'0:13.240',0.055
'0:13.250',0.065
'0:13.260',0.070
'0:13.270',0.045
'0:13.280',0.070
'0:13.290',0.065
'0:13.300',0.055
'0:13.310',0.000
'0:13.320',-0.060
'0:13.330',-0.100
'0:13.340',-0.120
'0:13.350',0.005
'0:13.360',-0.015
'0:13.370',0.050
'0:13.380',0.070
'0:13.390',0.135
'0:13.400',0.155
'0:13.410',0.130
'0:13.420',0.120
'0:13.430',0.155
'0:13.440',0.185
'0:13.450',0.150
'0:13.460',0.275
'0:13.470',0.210
'0:13.480',-0.400
'0:13.490',-1.115
'0:13.500',-0.700
'0:13.510',0.110
'0:13.520',0.435
'0:13.530',0.635
'0:13.540',0.565
'0:13.550',0.235
'0:13.560',0.175
'0:13.570',0.165
'0:13.580',0.180
'0:13.590',0.145
'0:13.600',0.130
'0:13.610',0.135
'0:13.620',0.170
'0:13.630',0.090
'0:13.640',0.080
'0:13.650',0.080
'0:13.660',0.065
'0:13.670',0.000
'0:13.680',-0.040
'0:13.690',-0.040
'0:13.700',-0.185
'0:13.710',-0.290
'0:13.720',-0.365
'0:13.730',-0.475
'0:13.740',-0.515
'0:13.750',-0.520
'0:13.760',-0.510
'0:13.770',-0.420
'0:13.780',-0.335
'0:13.790',-0.210
'0:13.800',-0.120
'0:13.810',-0.050
'0:13.820',0.000
'0:13.830',0.050
'0:13.840',0.065
'0:13.850',0.055
'0:13.860',0.085
'0:13.870',0.110
'0:13.880',0.115
'0:13.890',0.105
'0:13.900',0.110
'0:13.910',0.135
'0:13.920',0.095
'0:13.930',0.045
'0:13.940',0.135
'0:13.950',0.085
'0:13.960',0.065
'0:13.970',0.035
'0:13.980',0.045
'0:13.990',0.040
'0:14.000',0.020
'0:14.010',0.040
'0:14.020',0.070
'0:14.030',0.035
'0:14.040',0.095
'0:14.050',0.075
'0:14.060',0.085
'0:14.070',0.060
'0:14.080',0.055
'0:14.090',0.045
'0:14.100',0.025
'0:14.110',-0.015
'0:14.120',-0.055
'0:14.130',-0.100
'0:14.140',-0.065
'0:14.150',0.015
'0:14.160',0.025
'0:14.170',0.050
'0:14.180',0.090
'0:14.190',0.130
'0:14.200',0.200
'0:14.210',0.140
'0:14.220',0.155
'0:14.230',0.140
'0:14.240',0.135
'0:14.250',0.230
'0:14.260',0.240
'0:14.270',-0.065
'0:14.280',-1.105
'0:14.290',-0.860
'0:14.300',-0.010
'0:14.310',0.305
'0:14.320',0.580
'0:14.330',0.615
'0:14.340',0.355
'0:14.350',0.180
'0:14.360',0.155
'0:14.370',0.140
'0:14.380',0.150
'0:14.390',0.140
'0:14.400',0.130
'0:14.410',0.085
'0:14.420',0.160
'0:14.430',0.110
'0:14.440',0.085
'0:14.450',0.075
'0:14.460',0.035
'0:14.470',-0.045
'0:14.480',-0.065
'0:14.490',-0.135
'0:14.500',-0.240
'0:14.510',-0.340
'0:14.520',-0.420
'0:14.530',-0.520
'0:14.540',-0.510
'0:14.550',-0.515
'0:14.560',-0.460
'0:14.570',-0.340
'0:14.580',-0.255
'0:14.590',-0.160
'0:14.600',-0.045
'0:14.610',-0.005
'0:14.620',0.005
'0:14.630',0.030
'0:14.640',0.030
'0:14.650',0.075
'0:14.660',0.095
'0:14.670',0.085
'0:14.680',0.125
'0:14.690',0.125
'0:14.700',0.095
'0:14.710',0.100
'0:14.720',0.065
'0:14.730',0.080
'0:14.740',0.085
'0:14.750',0.060
'0:14.760',0.070
'0:14.770',0.025
'0:14.780',0.035
'0:14.790',0.030
'0:14.800',0.045
'0:14.810',0.040
'0:14.820',0.065
'0:14.830',0.055
'0:14.840',0.080
'0:14.850',0.075
'0:14.860',0.020
'0:14.870',0.090
'0:14.880',0.035
'0:14.890',0.000
'0:14.900',-0.060
'0:14.910',-0.110
'0:14.920',-0.085
'0:14.930',-0.045
'0:14.940',0.040
'0:14.950',0.025
'0:14.960',0.095
'0:14.970',0.125
'0:14.980',0.145
'0:14.990',0.130
'0:15.000',0.145
'0:15.010',0.125
'0:15.020',0.155
'0:15.030',0.145
'0:15.040',0.285
'0:15.050',0.150
'0:15.060',-0.750
'0:15.070',-0.980
'0:15.080',-0.360
'0:15.090',0.180
'0:15.100',0.510
'0:15.110',0.670
'0:15.120',0.460
'0:15.130',0.180
'0:15.140',0.170
'0:15.150',0.135
'0:15.160',0.145
'0:15.170',0.135
'0:15.180',0.110
'0:15.190',0.120
'0:15.200',0.110
'0:15.210',0.095
'0:15.220',0.105
'0:15.230',0.055
'0:15.240',0.025
'0:15.250',0.015
'0:15.260',-0.030
'0:15.270',-0.150
'0:15.280',-0.220
'0:15.290',-0.335
'0:15.300',-0.425
'0:15.310',-0.465
'0:15.320',-0.490
'0:15.330',-0.535
'0:15.340',-0.505
'0:15.350',-0.425
'0:15.360',-0.300
'0:15.370',-0.210
'0:15.380',-0.100
'0:15.390',0.000
'0:15.400',-0.020
'0:15.410',0.025
'0:15.420',0.060
'0:15.430',0.045
'0:15.440',0.080
'0:15.450',0.100
'0:15.460',0.095
'0:15.470',0.110
'0:15.480',0.095
'0:15.490',0.070
'0:15.500',0.080
'0:15.510',0.070
'0:15.520',0.065
'0:15.530',0.050
'0:15.540',0.060
'0:15.550',0.000
'0:15.560',0.020
'0:15.570',0.010
'0:15.580',0.045
'0:15.590',0.030
'0:15.600',0.045
'0:15.610',0.050
'0:15.620',0.045
'0:15.630',0.050
'0:15.640',0.055
'0:15.650',0.020
'0:15.660',-0.010
'0:15.670',0.015
'0:15.680',-0.080
'0:15.690',-0.130
'0:15.700',-0.040
'0:15.710',-0.010
'0:15.720',0.015
'0:15.730',0.065
'0:15.740',0.110
'0:15.750',0.150
'0:15.760',0.160
'0:15.770',0.155
'0:15.780',0.155
'0:15.790',0.150
'0:15.800',0.155
'0:15.810',0.225
'0:15.820',0.265
'0:15.830',-0.135
'0:15.840',-1.090
'0:15.850',-0.750
'0:15.860',0.065
'0:15.870',0.335
'0:15.880',0.615
'0:15.890',0.630
'0:15.900',0.270
'0:15.910',0.170
'0:15.920',0.175
'0:15.930',0.100
'0:15.940',0.140
'0:15.950',0.120
'0:15.960',0.180
'0:15.970',0.105
'0:15.980',0.105
'0:15.990',0.080
'0:16.000',0.065
'0:16.010',0.035
'0:16.020',0.000
'0:16.030',-0.060
'0:16.040',-0.065
'0:16.050',-0.190
'0:16.060',-0.275
'0:16.070',-0.365
'0:16.080',-0.480
'0:16.090',-0.530
'0:16.100',-0.580
'0:16.110',-0.535
'0:16.120',-0.490
'0:16.130',-0.325
'0:16.140',-0.250
'0:16.150',-0.195
'0:16.160',-0.045
'0:16.170',-0.020
'0:16.180',0.020
'0:16.190',0.025
'0:16.200',0.050
'0:16.210',0.050
'0:16.220',0.085
'0:16.230',0.075
'0:16.240',0.075
'0:16.250',0.090
'0:16.260',0.120
'0:16.270',0.125
'0:16.280',0.080
'0:16.290',0.035
'0:16.300',0.115
'0:16.310',0.065
'0:16.320',0.025
'0:16.330',0.035
'0:16.340',0.040
'0:16.350',0.045
'0:16.360',0.090
'0:16.370',0.040
'0:16.380',0.065
'0:16.390',0.055
'0:16.400',0.040
'0:16.410',0.065
'0:16.420',0.000
'0:16.430',-0.055
'0:16.440',-0.005
'0:16.450',-0.140
'0:16.460',-0.120
'0:16.470',-0.060
'0:16.480',-0.040
'0:16.490',0.020
'0:16.500',0.070
'0:16.510',0.120
'0:16.520',0.135
'0:16.530',0.115
'0:16.540',0.155
'0:16.550',0.165
'0:16.560',0.125
'0:16.570',0.195
'0:16.580',0.280
'0:16.590',0.115
'0:16.600',-0.875
'0:16.610',-0.965
'0:16.620',-0.210
'0:16.630',0.260
'0:16.640',0.565
'0:16.650',0.675
'0:16.660',0.480
'0:16.670',0.180
'0:16.680',0.180
'0:16.690',0.145
'0:16.700',0.140
'0:16.710',0.145
'0:16.720',0.160
'0:16.730',0.120
'0:16.740',0.120
'0:16.750',0.110
'0:16.760',0.075
'0:16.770',0.060
'0:16.780',0.080
'0:16.790',-0.005
'0:16.800',-0.035
'0:16.810',-0.115
'0:16.820',-0.210
'0:16.830',-0.340
'0:16.840',-0.435
'0:16.850',-0.475
'0:16.860',-0.510
'0:16.870',-0.530
'0:16.880',-0.475
'0:16.890',-0.355
'0:16.900',-0.280
'0:16.910',-0.180
'0:16.920',-0.100
'0:16.930',-0.035
'0:16.940',0.005
'0:16.950',0.025
'0:16.960',0.050
'0:16.970',0.075
'0:16.980',0.070
'0:16.990',0.080
'0:17.000',0.100
'0:17.010',0.105
'0:17.020',0.090
'0:17.030',0.075
'0:17.040',0.085
'0:17.050',0.040
'0:17.060',0.055
'0:17.070',0.015
'0:17.080',0.045
'0:17.090',0.030
'0:17.100',0.030
'0:17.110',0.035
'0:17.120',0.040
'0:17.130',0.025
'0:17.140',0.035
'0:17.150',0.025
'0:17.160',0.025
'0:17.170',0.050
'0:17.180',0.025
'0:17.190',0.000
'0:17.200',-0.065
'0:17.210',-0.170
'0:17.220',-0.065
'0:17.230',-0.025
'0:17.240',-0.005
'0:17.250',0.040
'0:17.260',0.125
'0:17.270',0.155
'0:17.280',0.155
'0:17.290',0.150
'0:17.300',0.155
'0:17.310',0.115
'0:17.320',0.140
'0:17.330',0.225
'0:17.340',0.215
'0:17.350',-0.125
'0:17.360',-1.120
'0:17.370',-0.810
'0:17.380',0.030
'0:17.390',0.350
'0:17.400',0.625
'0:17.410',0.620
'0:17.420',0.270
'0:17.430',0.115
'0:17.440',0.170
'0:17.450',0.125
'0:17.460',0.140
'0:17.470',0.120
'0:17.480',0.160
'0:17.490',0.070
'0:17.500',0.100
'0:17.510',0.075
'0:17.520',0.080
'0:17.530',0.050
'0:17.540',0.005
'0:17.550',-0.040
'0:17.560',-0.070
'0:17.570',-0.145
'0:17.580',-0.315
'0:17.590',-0.455
'0:17.600',-0.475
'0:17.610',-0.525
'0:17.620',-0.540
'0:17.630',-0.540
'0:17.640',-0.445
'0:17.650',-0.350
'0:17.660',-0.255
'0:17.670',-0.130
'0:17.680',-0.090
'0:17.690',-0.075
'0:17.700',0.020
'0:17.710',0.050
'0:17.720',0.065
'0:17.730',0.080
'0:17.740',0.105
'0:17.750',0.095
'0:17.760',0.150
'0:17.770',0.150
'0:17.780',0.100
'0:17.790',0.105
'0:17.800',0.080
'0:17.810',0.095
'0:17.820',0.110
'0:17.830',0.110
'0:17.840',0.100
'0:17.850',0.065
'0:17.860',0.100
'0:17.870',0.065
'0:17.880',0.050
'0:17.890',0.010
'0:17.900',0.075
'0:17.910',0.015
'0:17.920',0.000
'0:17.930',-0.050
'0:17.940',-0.085
'0:17.950',-0.140
'0:17.960',-0.080
'0:17.970',-0.010
'0:17.980',0.015
'0:17.990',0.055
'0:18.000',0.140
'0:18.010',0.130
'0:18.020',0.155
'0:18.030',0.125
'0:18.040',0.130
'0:18.050',0.130
'0:18.060',0.155
'0:18.070',0.295
'0:18.080',0.180
'0:18.090',-0.800
'0:18.100',-1.200
'0:18.110',-0.530
'0:18.120',0.075
'0:18.130',0.455
'0:18.140',0.595
'0:18.150',0.610
'0:18.160',0.270
'0:18.170',0.210
'0:18.180',0.190
'0:18.190',0.145
'0:18.200',0.065
'0:18.210',0.115
'0:18.220',0.160
'0:18.230',0.120
'0:18.240',0.145
'0:18.250',0.080
'0:18.260',0.100
'0:18.270',0.080
'0:18.280',-0.015
'0:18.290',-0.050
'0:18.300',-0.105
'0:18.310',-0.210
'0:18.320',-0.305
'0:18.330',-0.385
'0:18.340',-0.460
'0:18.350',-0.505
'0:18.360',-0.515
'0:18.370',-0.440
'0:18.380',-0.360
'0:18.390',-0.245
'0:18.400',-0.095
'0:18.410',-0.040
'0:18.420',0.025
'0:18.430',0.025
'0:18.440',0.065
'0:18.450',0.115
'0:18.460',0.135
'0:18.470',0.125
'0:18.480',0.155
'0:18.490',0.175
'0:18.500',0.185
'0:18.510',0.115
'0:18.520',0.120
'0:18.530',0.090
'0:18.540',0.140
'0:18.550',0.025
'0:18.560',0.075
'0:18.570',0.105
'0:18.580',0.135
'0:18.590',0.035
'0:18.600',0.080
'0:18.610',0.080
'0:18.620',0.105
'0:18.630',0.015
'0:18.640',0.115
'0:18.650',0.175
'0:18.660',0.070
'0:18.670',0.070
'0:18.680',-0.015
'0:18.690',-0.040
'0:18.700',-0.090
'0:18.710',-0.045
'0:18.720',-0.015
'0:18.730',0.055
'0:18.740',0.020
'0:18.750',0.090
'0:18.760',0.110
'0:18.770',0.130
'0:18.780',0.140
'0:18.790',0.145
'0:18.800',0.125
'0:18.810',0.170
'0:18.820',0.245
'0:18.830',0.200
'0:18.840',-0.450
'0:18.850',-1.260
'0:18.860',-0.755
'0:18.870',0.190
'0:18.880',0.465
'0:18.890',0.625
'0:18.900',0.585
'0:18.910',0.225
'0:18.920',0.155
'0:18.930',0.155
'0:18.940',0.150
'0:18.950',0.145
'0:18.960',0.120
'0:18.970',0.135
'0:18.980',0.130
'0:18.990',0.135
'0:19.000',0.110
'0:19.010',0.090
'0:19.020',0.075
'0:19.030',0.010
'0:19.040',-0.030
'0:19.050',-0.120
'0:19.060',-0.190
'0:19.070',-0.305
'0:19.080',-0.380
'0:19.090',-0.495
'0:19.100',-0.535
'0:19.110',-0.555
'0:19.120',-0.500
'0:19.130',-0.445
'0:19.140',-0.320
'0:19.150',-0.230
'0:19.160',-0.115
'0:19.170',-0.025
'0:19.180',0.005
'0:19.190',0.030
'0:19.200',0.055
'0:19.210',0.085
'0:19.220',0.105
'0:19.230',0.100
'0:19.240',0.095
'0:19.250',0.115
'0:19.260',0.115
'0:19.270',0.100
'0:19.280',0.100
'0:19.290',0.090
'0:19.300',0.070
'0:19.310',0.045
'0:19.320',0.050
'0:19.330',0.040
'0:19.340',0.040
'0:19.350',0.020
'0:19.360',0.030
'0:19.370',0.030
'0:19.380',0.050
'0:19.390',0.045
'0:19.400',0.050
'0:19.410',0.020
'0:19.420',0.015
'0:19.430',-0.040
'0:19.440',-0.075
'0:19.450',-0.140
'0:19.460',-0.080
'0:19.470',-0.050
'0:19.480',0.005
'0:19.490',0.045
'0:19.500',0.105
'0:19.510',0.110
'0:19.520',0.150
'0:19.530',0.140
'0:19.540',0.165
'0:19.550',0.145
'0:19.560',0.175
'0:19.570',0.210
'0:19.580',0.255
'0:19.590',-0.045
'0:19.600',-1.155
'0:19.610',-1.010
'0:19.620',-0.080
'0:19.630',0.315
'0:19.640',0.585
'0:19.650',0.640
'0:19.660',0.300
'0:19.670',0.145
'0:19.680',0.160
'0:19.690',0.140
'0:19.700',0.145
'0:19.710',0.135
'0:19.720',0.135
'0:19.730',0.110
'0:19.740',0.115
'0:19.750',0.090
'0:19.760',0.085
'0:19.770',0.050
'0:19.780',0.020
'0:19.790',-0.040
'0:19.800',-0.090
'0:19.810',-0.190
'0:19.820',-0.285
'0:19.830',-0.400
'0:19.840',-0.475
'0:19.850',-0.530
'0:19.860',-0.555
'0:19.870',-0.555
'0:19.880',-0.470
'0:19.890',-0.380
'0:19.900',-0.250
'0:19.910',-0.155
'0:19.920',-0.060
'0:19.930',-0.005
'0:19.940',0.015
'0:19.950',0.045
'0:19.960',0.055
'0:19.970',0.080
'0:19.980',0.085
'0:19.990',0.080
'0:20.000',0.095
'0:20.010',0.095
'0:20.020',0.095
'0:20.030',0.085
'0:20.040',0.085
'0:20.050',0.075
'0:20.060',0.065
'0:20.070',0.050
'0:20.080',0.040
'0:20.090',0.040
'0:20.100',0.030
'0:20.110',0.040
'0:20.120',0.030
'0:20.130',0.055
'0:20.140',0.070
'0:20.150',0.050
'0:20.160',0.060
'0:20.170',0.015
'0:20.180',-0.015
'0:20.190',-0.070
'0:20.200',-0.145
'0:20.210',-0.075
'0:20.220',-0.015
'0:20.230',0.005
'0:20.240',0.070
'0:20.250',0.115
'0:20.260',0.160
'0:20.270',0.165
'0:20.280',0.155
'0:20.290',0.170
'0:20.300',0.175
'0:20.310',0.160
'0:20.320',0.220
'0:20.330',0.275
'0:20.340',0.030
'0:20.350',-1.065
'0:20.360',-1.040
'0:20.370',-0.150
'0:20.380',0.315
'0:20.390',0.600
'0:20.400',0.685
'0:20.410',0.360
'0:20.420',0.170
'0:20.430',0.185
'0:20.440',0.155
'0:20.450',0.150
'0:20.460',0.150
'0:20.470',0.140
'0:20.480',0.145
'0:20.490',0.120
'0:20.500',0.120
'0:20.510',0.085
'0:20.520',0.065
'0:20.530',0.030
'0:20.540',-0.005
'0:20.550',-0.055
'0:20.560',-0.170
'0:20.570',-0.260
'0:20.580',-0.380
'0:20.590',-0.455
'0:20.600',-0.510
'0:20.610',-0.545
'0:20.620',-0.520
'0:20.630',-0.475
'0:20.640',-0.365
'0:20.650',-0.250
'0:20.660',-0.150
'0:20.670',-0.090
'0:20.680',-0.015
'0:20.690',0.020
'0:20.700',0.050
'0:20.710',0.065
'0:20.720',0.080
'0:20.730',0.070
'0:20.740',0.095
'0:20.750',0.095
'0:20.760',0.110
'0:20.770',0.095
'0:20.780',0.105
'0:20.790',0.080
'0:20.800',0.085
'0:20.810',0.055
'0:20.820',0.050
'0:20.830',0.035
'0:20.840',0.050
'0:20.850',0.030
'0:20.860',0.030
'0:20.870',0.040
'0:20.880',0.050
'0:20.890',0.040
'0:20.900',0.040
'0:20.910',0.020
'0:20.920',0.005
'0:20.930',-0.045
'0:20.940',-0.110
'0:20.950',-0.150
'0:20.960',-0.060
'0:20.970',-0.030
'0:20.980',0.015
'0:20.990',0.055
'0:21.000',0.130
'0:21.010',0.130
'0:21.020',0.160
'0:21.030',0.145
'0:21.040',0.160
'0:21.050',0.155
'0:21.060',0.160
'0:21.070',0.245
'0:21.080',0.225
'0:21.090',-0.270
'0:21.100',-1.150
'0:21.110',-0.775
'0:21.120',0.110
'0:21.130',0.435
'0:21.140',0.630
'0:21.150',0.570
'0:21.160',0.215
'0:21.170',0.140
'0:21.180',0.155
'0:21.190',0.130
'0:21.200',0.125
'0:21.210',0.110
'0:21.220',0.120
'0:21.230',0.100
'0:21.240',0.100
'0:21.250',0.070
'0:21.260',0.085
'0:21.270',0.030
'0:21.280',0.000
'0:21.290',-0.060
'0:21.300',-0.115
'0:21.310',-0.215
'0:21.320',-0.335
'0:21.330',-0.420
'0:21.340',-0.475
'0:21.350',-0.550
'0:21.360',-0.555
'0:21.370',-0.525
'0:21.380',-0.430
'0:21.390',-0.335
'0:21.400',-0.235
'0:21.410',-0.140
'0:21.420',-0.055
'0:21.430',-0.010
'0:21.440',0.015
'0:21.450',0.040
'0:21.460',0.060
'0:21.470',0.085
'0:21.480',0.085
'0:21.490',0.080
'0:21.500',0.105
'0:21.510',0.075
'0:21.520',0.090
'0:21.530',0.070
'0:21.540',0.085
'0:21.550',0.060
'0:21.560',0.080
'0:21.570',0.040
'0:21.580',0.045
'0:21.590',0.035
'0:21.600',0.040
'0:21.610',0.050
'0:21.620',0.075
'0:21.630',0.055
'0:21.640',0.065
'0:21.650',0.070
'0:21.660',0.030
'0:21.670',0.000
'0:21.680',-0.040
'0:21.690',-0.145
'0:21.700',-0.070
'0:21.710',-0.030
'0:21.720',0.015
'0:21.730',0.070
'0:21.740',0.125
'0:21.750',0.145
'0:21.760',0.170
'0:21.770',0.155
'0:21.780',0.160
'0:21.790',0.170
'0:21.800',0.170
'0:21.810',0.195
'0:21.820',0.290
'0:21.830',0.065
'0:21.840',-0.970
'0:21.850',-0.960
'0:21.860',-0.130
'0:21.870',0.285
'0:21.880',0.600
'0:21.890',0.685
'0:21.900',0.445
'0:21.910',0.185
'0:21.920',0.175
'0:21.930',0.165
'0:21.940',0.150
'0:21.950',0.140
'0:21.960',0.150
'0:21.970',0.125
'0:21.980',0.125
'0:21.990',0.095
'0:22.000',0.075
'0:22.010',0.045
'0:22.020',0.020
'0:22.030',-0.025
'0:22.040',-0.080
'0:22.050',-0.170
'0:22.060',-0.250
'0:22.070',-0.345
'0:22.080',-0.425
'0:22.090',-0.480
'0:22.100',-0.515
'0:22.110',-0.515
'0:22.120',-0.450
'0:22.130',-0.345
'0:22.140',-0.245
'0:22.150',-0.155
'0:22.160',-0.070
'0:22.170',0.000
'0:22.180',0.030
'0:22.190',0.040
'0:22.200',0.070
'0:22.210',0.080
'0:22.220',0.100
'0:22.230',0.110
'0:22.240',0.115
'0:22.250',0.110
'0:22.260',0.095
'0:22.270',0.090
'0:22.280',0.070
'0:22.290',0.065
'0:22.300',0.055
'0:22.310',0.040
'0:22.320',0.035
'0:22.330',0.035
'0:22.340',0.040
'0:22.350',0.040
'0:22.360',0.065
'0:22.370',0.060
'0:22.380',0.060
'0:22.390',0.055
'0:22.400',0.040
'0:22.410',0.025
'0:22.420',-0.015
'0:22.430',-0.100
'0:22.440',-0.110
'0:22.450',-0.040
'0:22.460',0.005
'0:22.470',0.035
'0:22.480',0.090
'0:22.490',0.140
'0:22.500',0.165
'0:22.510',0.170
'0:22.520',0.170
'0:22.530',0.180
'0:22.540',0.175
'0:22.550',0.170
'0:22.560',0.290
'0:22.570',0.220
'0:22.580',-0.345
'0:22.590',-1.120
'0:22.600',-0.645
'0:22.610',0.175
'0:22.620',0.465
'0:22.630',0.625
'0:22.640',0.585
'0:22.650',0.230
'0:22.660',0.175
'0:22.670',0.160
'0:22.680',0.150
'0:22.690',0.150
'0:22.700',0.140
'0:22.710',0.145
'0:22.720',0.125
'0:22.730',0.125
'0:22.740',0.105
'0:22.750',0.095
'0:22.760',0.050
'0:22.770',0.010
'0:22.780',-0.045
'0:22.790',-0.110
'0:22.800',-0.205
'0:22.810',-0.310
'0:22.820',-0.405
'0:22.830',-0.465
'0:22.840',-0.520
'0:22.850',-0.545
'0:22.860',-0.500
'0:22.870',-0.420
'0:22.880',-0.315
'0:22.890',-0.220
'0:22.900',-0.110
'0:22.910',-0.055
'0:22.920',0.010
'0:22.930',0.020
'0:22.940',0.055
'0:22.950',0.055
'0:22.960',0.085
'0:22.970',0.105
'0:22.980',0.105
'0:22.990',0.105
'0:23.000',0.110
'0:23.010',0.100
'0:23.020',0.100
'0:23.030',0.085
'0:23.040',0.075
'0:23.050',0.050
'0:23.060',0.050
'0:23.070',0.045
'0:23.080',0.065
'0:23.090',0.045
'0:23.100',0.060
'0:23.110',0.055
'0:23.120',0.070
'0:23.130',0.035
'0:23.140',0.040
'0:23.150',0.000
'0:23.160',-0.045
'0:23.170',-0.145
'0:23.180',-0.105
'0:23.190',-0.045
'0:23.200',0.010
'0:23.210',0.035
'0:23.220',0.100
'0:23.230',0.145
'0:23.240',0.165
'0:23.250',0.145
'0:23.260',0.185
'0:23.270',0.170
'0:23.280',0.170
'0:23.290',0.145
'0:23.300',0.315
'0:23.310',0.160
'0:23.320',-0.705
'0:23.330',-1.070
'0:23.340',-0.365
'0:23.350',0.260
'0:23.360',0.545
'0:23.370',0.650
'0:23.380',0.530
'0:23.390',0.200
'0:23.400',0.150
'0:23.410',0.115
'0:23.420',0.120
'0:23.430',0.090
'0:23.440',0.110
'0:23.450',0.085
'0:23.460',0.085
'0:23.470',0.065
'0:23.480',0.040
'0:23.490',0.005
'0:23.500',-0.020
'0:23.510',-0.055
'0:23.520',-0.085
'0:23.530',-0.220
'0:23.540',-0.295
'0:23.550',-0.380
'0:23.560',-0.460
'0:23.570',-0.570
'0:23.580',-0.560
'0:23.590',-0.580
'0:23.600',-0.495
'0:23.610',-0.430
'0:23.620',-0.315
'0:23.630',-0.215
'0:23.640',-0.110
'0:23.650',-0.040
'0:23.660',-0.005
'0:23.670',0.050
'0:23.680',0.055
'0:23.690',0.070
'0:23.700',0.100
'0:23.710',0.120
'0:23.720',0.100
'0:23.730',0.130
'0:23.740',0.130
'0:23.750',0.105
'0:23.760',0.090
'0:23.770',0.095
'0:23.780',0.095
'0:23.790',0.040
'0:23.800',0.055
'0:23.810',0.065
'0:23.820',0.025
'0:23.830',0.070
'0:23.840',0.045
'0:23.850',0.055
'0:23.860',0.035
'0:23.870',0.035
'0:23.880',0.055
'0:23.890',0.040
'0:23.900',0.000
'0:23.910',-0.075
'0:23.920',-0.130
'0:23.930',-0.100
'0:23.940',-0.025
'0:23.950',0.025
'0:23.960',0.050
'0:23.970',0.130
'0:23.980',0.155
'0:23.990',0.180
'0:24.000',0.175
'0:24.010',0.185
'0:24.020',0.180
'0:24.030',0.160
'0:24.040',0.180
'0:24.050',0.345
'0:24.060',0.130
'0:24.070',-0.925
'0:24.080',-1.165
'0:24.090',-0.300
'0:24.100',0.310
'0:24.110',0.570
'0:24.120',0.685
'0:24.130',0.545
'0:24.140',0.225
'0:24.150',0.180
'0:24.160',0.165
'0:24.170',0.180
'0:24.180',0.145
'0:24.190',0.150
'0:24.200',0.100
'0:24.210',0.135
'0:24.220',0.085
'0:24.230',0.100
'0:24.240',0.060
'0:24.250',0.030
'0:24.260',-0.025
'0:24.270',-0.065
'0:24.280',-0.155
'0:24.290',-0.235
'0:24.300',-0.350
'0:24.310',-0.430
'0:24.320',-0.470
'0:24.330',-0.510
'0:24.340',-0.510
'0:24.350',-0.455
'0:24.360',-0.360
'0:24.370',-0.265
'0:24.380',-0.135
'0:24.390',-0.070
'0:24.400',0.000
'0:24.410',0.045
'0:24.420',0.085
'0:24.430',0.100
'0:24.440',0.125
'0:24.450',0.130
'0:24.460',0.140
'0:24.470',0.140
'0:24.480',0.150
'0:24.490',0.130
'0:24.500',0.130
'0:24.510',0.090
'0:24.520',0.085
'0:24.530',0.070
'0:24.540',0.060
'0:24.550',0.035
'0:24.560',0.040
'0:24.570',0.045
'0:24.580',0.045
'0:24.590',0.060
'0:24.600',0.065
'0:24.610',0.070
'0:24.620',0.070
'0:24.630',0.080
'0:24.640',0.080
'0:24.650',0.090
'0:24.660',0.065
'0:24.670',0.055
'0:24.680',-0.010
'0:24.690',-0.075
'0:24.700',-0.085
'0:24.710',-0.015
'0:24.720',0.000
'0:24.730',0.045
'0:24.740',0.090
'0:24.750',0.150
'0:24.760',0.170
'0:24.770',0.185
'0:24.780',0.170
'0:24.790',0.180
'0:24.800',0.165
'0:24.810',0.190
'0:24.820',0.255
'0:24.830',0.275
'0:24.840',-0.065
'0:24.850',-1.210
'0:24.860',-0.990
'0:24.870',-0.020
'0:24.880',0.370
'0:24.890',0.625
'0:24.900',0.670
'0:24.910',0.305
'0:24.920',0.185
'0:24.930',0.195
'0:24.940',0.165
'0:24.950',0.165
'0:24.960',0.150
'0:24.970',0.145
'0:24.980',0.120
'0:24.990',0.125
'0:25.000',0.105
'0:25.010',0.085
'0:25.020',0.070
'0:25.030',0.030
'0:25.040',-0.025
'0:25.050',-0.085
'0:25.060',-0.180
'0:25.070',-0.270
'0:25.080',-0.385
'0:25.090',-0.445
'0:25.100',-0.495
'0:25.110',-0.530
'0:25.120',-0.525
'0:25.130',-0.450
'0:25.140',-0.340
'0:25.150',-0.230
'0:25.160',-0.135
'0:25.170',-0.055
'0:25.180',0.005
'0:25.190',0.045
'0:25.200',0.070
'0:25.210',0.080
'0:25.220',0.090
'0:25.230',0.095
'0:25.240',0.115
'0:25.250',0.105
'0:25.260',0.115
'0:25.270',0.115
'0:25.280',0.105
'0:25.290',0.095
'0:25.300',0.080
'0:25.310',0.065
'0:25.320',0.065
'0:25.330',0.060
'0:25.340',0.050
'0:25.350',0.045
'0:25.360',0.050
'0:25.370',0.065
'0:25.380',0.055
'0:25.390',0.060
'0:25.400',0.075
'0:25.410',0.070
'0:25.420',0.080
'0:25.430',0.075
'0:25.440',0.055
'0:25.450',0.025
'0:25.460',-0.005
'0:25.470',-0.070
'0:25.480',-0.105
'0:25.490',-0.035
'0:25.500',0.000
'0:25.510',0.025
'0:25.520',0.075
'0:25.530',0.140
'0:25.540',0.160
'0:25.550',0.160
'0:25.560',0.170
'0:25.570',0.180
'0:25.580',0.170
'0:25.590',0.180
'0:25.600',0.180
'0:25.610',0.290
'0:25.620',0.100
'0:25.630',-0.950
'0:25.640',-0.985
'0:25.650',-0.225
'0:25.660',0.300
'0:25.670',0.605
'0:25.680',0.685
'0:25.690',0.390
'0:25.700',0.180
'0:25.710',0.170
'0:25.720',0.150
'0:25.730',0.145
'0:25.740',0.135
'0:25.750',0.135
'0:25.760',0.110
'0:25.770',0.110
'0:25.780',0.085
'0:25.790',0.075
'0:25.800',0.040
'0:25.810',0.020
'0:25.820',-0.035
'0:25.830',-0.095
'0:25.840',-0.180
'0:25.850',-0.280
'0:25.860',-0.380
'0:25.870',-0.460
'0:25.880',-0.525
'0:25.890',-0.555
'0:25.900',-0.550
'0:25.910',-0.495
'0:25.920',-0.390
'0:25.930',-0.290
'0:25.940',-0.195
'0:25.950',-0.110
'0:25.960',-0.035
'0:25.970',0.005
'0:25.980',0.030
'0:25.990',0.050
'0:26.000',0.060
'0:26.010',0.080
'0:26.020',0.080
'0:26.030',0.085
'0:26.040',0.095
'0:26.050',0.085
'0:26.060',0.090
'0:26.070',0.080
'0:26.080',0.075
'0:26.090',0.055
'0:26.100',0.055
'0:26.110',0.050
'0:26.120',0.035
'0:26.130',0.035
'0:26.140',0.045
'0:26.150',0.040
'0:26.160',0.050
'0:26.170',0.050
'0:26.180',0.060
'0:26.190',0.055
'0:26.200',0.060
'0:26.210',0.060
'0:26.220',0.055
'0:26.230',0.030
'0:26.240',0.005
'0:26.250',-0.030
'0:26.260',-0.095
'0:26.270',-0.125
'0:26.280',-0.070
'0:26.290',-0.035
'0:26.300',0.000
'0:26.310',0.045
'0:26.320',0.105
'0:26.330',0.125
'0:26.340',0.140
'0:26.350',0.140
'0:26.360',0.145
'0:26.370',0.130
'0:26.380',0.140
'0:26.390',0.130
'0:26.400',0.270
'0:26.410',0.130
'0:26.420',-0.750
'0:26.430',-0.945
'0:26.440',-0.320
'0:26.450',0.240
'0:26.460',0.555
'0:26.470',0.655
'0:26.480',0.405
'0:26.490',0.155
'0:26.500',0.155
'0:26.510',0.125
'0:26.520',0.125
'0:26.530',0.115
'0:26.540',0.120
'0:26.550',0.090
'0:26.560',0.095
'0:26.570',0.075
'0:26.580',0.065
'0:26.590',0.050
'0:26.600',0.015
'0:26.610',-0.030
'0:26.620',-0.085
'0:26.630',-0.170
'0:26.640',-0.270
'0:26.650',-0.365
'0:26.660',-0.450
'0:26.670',-0.525
'0:26.680',-0.550
'0:26.690',-0.575
'0:26.700',-0.500
'0:26.710',-0.425
'0:26.720',-0.335
'0:26.730',-0.235
'0:26.740',-0.130
'0:26.750',-0.080
'0:26.760',-0.015
'0:26.770',0.000
'0:26.780',0.035
'0:26.790',0.020
'0:26.800',0.050
'0:26.810',0.060
'0:26.820',0.075
'0:26.830',0.055
'0:26.840',0.070
'0:26.850',0.070
'0:26.860',0.060
'0:26.870',0.060
'0:26.880',0.045
'0:26.890',0.030
'0:26.900',0.030
'0:26.910',0.015
'0:26.920',0.015
'0:26.930',0.010
'0:26.940',0.025
'0:26.950',0.020
'0:26.960',0.025
'0:26.970',0.015
'0:26.980',0.035
'0:26.990',0.030
'0:27.000',0.025
'0:27.010',0.040
'0:27.020',0.035
'0:27.030',0.025
'0:27.040',0.025
'0:27.050',-0.015
'0:27.060',-0.065
'0:27.070',-0.150
'0:27.080',-0.135
'0:27.090',-0.060
'0:27.100',-0.035
'0:27.110',0.005
'0:27.120',0.070
'0:27.130',0.080
'0:27.140',0.120
'0:27.150',0.110
'0:27.160',0.125
'0:27.170',0.110
'0:27.180',0.125
'0:27.190',0.130
'0:27.200',0.145
'0:27.210',0.265
'0:27.220',0.025
'0:27.230',-1.045
'0:27.240',-0.955
'0:27.250',-0.095
'0:27.260',0.285
'0:27.270',0.545
'0:27.280',0.650
'0:27.290',0.430
'0:27.300',0.170
'0:27.310',0.125
'0:27.320',0.130
'0:27.330',0.105
'0:27.340',0.115
'0:27.350',0.085
'0:27.360',0.070
'0:27.370',0.060
'0:27.380',0.050
'0:27.390',0.060
'0:27.400',0.040
'0:27.410',-0.025
'0:27.420',-0.040
'0:27.430',-0.130
'0:27.440',-0.190
'0:27.450',-0.285
'0:27.460',-0.380
'0:27.470',-0.470
'0:27.480',-0.525
'0:27.490',-0.570
'0:27.500',-0.555
'0:27.510',-0.495
'0:27.520',-0.420
'0:27.530',-0.285
'0:27.540',-0.190
'0:27.550',-0.120
'0:27.560',-0.055
'0:27.570',0.000
'0:27.580',0.025
'0:27.590',0.060
'0:27.600',0.075
'0:27.610',0.080
'0:27.620',0.120
'0:27.630',0.070
'0:27.640',0.095
'0:27.650',0.075
'0:27.660',0.080
'0:27.670',0.075
'0:27.680',0.050
'0:27.690',0.045
'0:27.700',0.035
'0:27.710',-0.010
'0:27.720',0.000
'0:27.730',0.005
'0:27.740',0.035
'0:27.750',0.030
'0:27.760',0.015
'0:27.770',0.050
'0:27.780',0.035
'0:27.790',0.045
'0:27.800',0.050
'0:27.810',0.090
'0:27.820',0.050
'0:27.830',0.075
'0:27.840',0.065
'0:27.850',0.035
'0:27.860',0.030
'0:27.870',0.010
'0:27.880',-0.040
'0:27.890',-0.105
'0:27.900',-0.090
'0:27.910',-0.010
'0:27.920',0.020
'0:27.930',0.045
'0:27.940',0.070
'0:27.950',0.155
'0:27.960',0.135
'0:27.970',0.150
'0:27.980',0.140
'0:27.990',0.170
'0:28.000',0.130
'0:28.010',0.195
'0:28.020',0.245
'0:28.030',0.275
'0:28.040',-0.190
'0:28.050',-1.310
'0:28.060',-0.885
'0:28.070',0.075
'0:28.080',0.355
'0:28.090',0.645
'0:28.100',0.680
'0:28.110',0.390
'0:28.120',0.190
'0:28.130',0.185
'0:28.140',0.160
'0:28.150',0.165
'0:28.160',0.135
'0:28.170',0.155
'0:28.180',0.125
'0:28.190',0.130
'0:28.200',0.080
'0:28.210',0.110
'0:28.220',0.055
'0:28.230',0.065
'0:28.240',-0.045
'0:28.250',-0.080
'0:28.260',-0.155
'0:28.270',-0.255
'0:28.280',-0.370
'0:28.290',-0.430
'0:28.300',-0.480
'0:28.310',-0.520
'0:28.320',-0.495
'0:28.330',-0.415
'0:28.340',-0.330
'0:28.350',-0.215
'0:28.360',-0.120
'0:28.370',-0.030
'0:28.380',0.020
'0:28.390',0.085
'0:28.400',0.090
'0:28.410',0.110
'0:28.420',0.130
'0:28.430',0.155
'0:28.440',0.135
'0:28.450',0.140
'0:28.460',0.145
'0:28.470',0.140
'0:28.480',0.120
'0:28.490',0.125
'0:28.500',0.080
'0:28.510',0.065
'0:28.520',0.055
'0:28.530',0.045
'0:28.540',0.030
'0:28.550',0.055
'0:28.560',0.035
'0:28.570',0.055
'0:28.580',0.055
'0:28.590',0.045
'0:28.600',0.065
'0:28.610',0.070
'0:28.620',0.085
'0:28.630',0.075
'0:28.640',0.080
'0:28.650',0.070
'0:28.660',0.090
'0:28.670',0.085
'0:28.680',0.110
'0:28.690',0.075
'0:28.700',0.085
'0:28.710',0.055
'0:28.720',0.015
'0:28.730',-0.025
'0:28.740',-0.105
'0:28.750',-0.030
'0:28.760',0.005
'0:28.770',0.025
'0:28.780',0.070
'0:28.790',0.115
'0:28.800',0.165
'0:28.810',0.165
'0:28.820',0.175
'0:28.830',0.150
'0:28.840',0.180
'0:28.850',0.160
'0:28.860',0.150
'0:28.870',0.310
'0:28.880',0.225
'0:28.890',-0.455
'0:28.900',-1.285
'0:28.910',-0.755
'0:28.920',0.185
'0:28.930',0.490
'0:28.940',0.650
'0:28.950',0.610
'0:28.960',0.260
'0:28.970',0.185
'0:28.980',0.170
'0:28.990',0.165
'0:29.000',0.150
'0:29.010',0.155
'0:29.020',0.125
'0:29.030',0.130
'0:29.040',0.105
'0:29.050',0.095
'0:29.060',0.070
'0:29.070',0.050
'0:29.080',0.000
'0:29.090',-0.040
'0:29.100',-0.110
'0:29.110',-0.220
'0:29.120',-0.310
'0:29.130',-0.415
'0:29.140',-0.495
'0:29.150',-0.550
'0:29.160',-0.585
'0:29.170',-0.555
'0:29.180',-0.470
'0:29.190',-0.360
'0:29.200',-0.245
'0:29.210',-0.150
'0:29.220',-0.065
'0:29.230',-0.015
'0:29.240',0.035
'0:29.250',0.055
'0:29.260',0.070
'0:29.270',0.080
'0:29.280',0.090
'0:29.290',0.095
'0:29.300',0.115
'0:29.310',0.110
'0:29.320',0.115
'0:29.330',0.100
'0:29.340',0.080
'0:29.350',0.075
'0:29.360',0.070
'0:29.370',0.060
'0:29.380',0.035
'0:29.390',0.030
'0:29.400',0.010
'0:29.410',0.030
'0:29.420',0.025
'0:29.430',0.040
'0:29.440',0.035
'0:29.450',0.045
'0:29.460',0.040
'0:29.470',0.055
'0:29.480',0.055
'0:29.490',0.060
'0:29.500',0.060
'0:29.510',0.065
'0:29.520',0.080
'0:29.530',0.080
'0:29.540',0.075
'0:29.550',0.075
'0:29.560',0.080
'0:29.570',0.075
'0:29.580',0.065
'0:29.590',0.040
'0:29.600',0.010
'0:29.610',-0.050
'0:29.620',-0.095
'0:29.630',-0.035
'0:29.640',0.010
'0:29.650',0.030
'0:29.660',0.070
'0:29.670',0.115
'0:29.680',0.165
'0:29.690',0.165
'0:29.700',0.185
'0:29.710',0.165
'0:29.720',0.175
'0:29.730',0.160
'0:29.740',0.180
'0:29.750',0.280
'0:29.760',0.245
'0:29.770',-0.245
'0:29.780',-1.230
'0:29.790',-0.880
'0:29.800',0.085
'0:29.810',0.450
'0:29.820',0.645
'0:29.830',0.610
'0:29.840',0.265
'0:29.850',0.185
'0:29.860',0.180
'0:29.870',0.165
'0:29.880',0.160
'0:29.890',0.150
'0:29.900',0.145
'0:29.910',0.135
'0:29.920',0.130
'0:29.930',0.110
'0:29.940',0.085
'0:29.950',0.060
'0:29.960',0.030
'0:29.970',-0.020
'0:29.980',-0.085
'0:29.990',-0.170
'0:30.000',-0.285
'0:30.010',-0.380
'0:30.020',-0.485
'0:30.030',-0.530
'0:30.040',-0.575
'0:30.050',-0.565
'0:30.060',-0.485
'0:30.070',-0.375
'0:30.080',-0.270
'0:30.090',-0.170
'0:30.100',-0.085
'0:30.110',-0.030
'0:30.120',0.015
'0:30.130',0.050
'0:30.140',0.060
'0:30.150',0.070
'0:30.160',0.080
'0:30.170',0.090
'0:30.180',0.105
'0:30.190',0.100
'0:30.200',0.090
'0:30.210',0.100
'0:30.220',0.085
'0:30.230',0.085
'0:30.240',0.075
'0:30.250',0.065
'0:30.260',0.050
'0:30.270',0.035
'0:30.280',0.030
'0:30.290',0.030
'0:30.300',0.020
'0:30.310',0.035
'0:30.320',0.030
'0:30.330',0.045
'0:30.340',0.035
'0:30.350',0.055
'0:30.360',0.040
'0:30.370',0.050
'0:30.380',0.045
'0:30.390',0.060
'0:30.400',0.045
'0:30.410',0.055
'0:30.420',0.055
'0:30.430',0.065
'0:30.440',0.065
'0:30.450',0.070
'0:30.460',0.055
'0:30.470',0.055
'0:30.480',0.015
'0:30.490',0.000
'0:30.500',-0.070
'0:30.510',-0.100
'0:30.520',-0.065
'0:30.530',0.000
'0:30.540',0.000
'0:30.550',0.050
'0:30.560',0.095
'0:30.570',0.145
'0:30.580',0.140
'0:30.590',0.145
'0:30.600',0.135
'0:30.610',0.155
'0:30.620',0.145
'0:30.630',0.145
'0:30.640',0.215
'0:30.650',0.230
'0:30.660',-0.150
'0:30.670',-1.100
'0:30.680',-0.805
'0:30.690',0.045
'0:30.700',0.410
'0:30.710',0.610
'0:30.720',0.585
'0:30.730',0.240
'0:30.740',0.145
'0:30.750',0.160
'0:30.760',0.125
'0:30.770',0.135
'0:30.780',0.115
'0:30.790',0.125
'0:30.800',0.100
'0:30.810',0.100
'0:30.820',0.070
'0:30.830',0.055
'0:30.840',0.030
'0:30.850',0.005
'0:30.860',-0.050
'0:30.870',-0.100
'0:30.880',-0.200
'0:30.890',-0.300
'0:30.900',-0.410
'0:30.910',-0.490
'0:30.920',-0.565
'0:30.930',-0.585
'0:30.940',-0.600
'0:30.950',-0.525
'0:30.960',-0.435
'0:30.970',-0.310
'0:30.980',-0.205
'0:30.990',-0.115
'0:31.000',-0.065
'0:31.010',-0.015
'0:31.020',0.010
'0:31.030',0.035
'0:31.040',0.040
'0:31.050',0.045
'0:31.060',0.045
'0:31.070',0.050
'0:31.080',0.060
'0:31.090',0.075
'0:31.100',0.080
'0:31.110',0.065
'0:31.120',0.065
'0:31.130',0.070
'0:31.140',0.040
'0:31.150',0.020
'0:31.160',0.025
'0:31.170',0.010
'0:31.180',0.025
'0:31.190',0.000
'0:31.200',0.015
'0:31.210',0.020
'0:31.220',0.005
'0:31.230',0.010
'0:31.240',0.020
'0:31.250',0.015
'0:31.260',0.030
'0:31.270',0.030
'0:31.280',0.020
'0:31.290',0.025
'0:31.300',0.035
'0:31.310',0.015
'0:31.320',0.040
'0:31.330',0.040
'0:31.340',0.050
'0:31.350',0.030
'0:31.360',0.025
'0:31.370',0.000
'0:31.380',-0.020
'0:31.390',-0.070
'0:31.400',-0.150
'0:31.410',-0.110
'0:31.420',-0.050
'0:31.430',-0.035
'0:31.440',0.020
'0:31.450',0.055
'0:31.460',0.120
'0:31.470',0.110
'0:31.480',0.115
'0:31.490',0.115
'0:31.500',0.130
'0:31.510',0.120
'0:31.520',0.120
'0:31.530',0.170
'0:31.540',0.235
'0:31.550',-0.035
'0:31.560',-1.110
'0:31.570',-0.950
'0:31.580',-0.020
'0:31.590',0.290
'0:31.600',0.550
'0:31.610',0.640
'0:31.620',0.370
'0:31.630',0.150
'0:31.640',0.145
'0:31.650',0.130
'0:31.660',0.110
'0:31.670',0.105
'0:31.680',0.105
'0:31.690',0.075
'0:31.700',0.085
'0:31.710',0.075
'0:31.720',0.050
'0:31.730',0.035
'0:31.740',0.020
'0:31.750',-0.040
'0:31.760',-0.095
'0:31.770',-0.180
'0:31.780',-0.255
'0:31.790',-0.370
'0:31.800',-0.475
'0:31.810',-0.530
'0:31.820',-0.580
'0:31.830',-0.575
'0:31.840',-0.520
'0:31.850',-0.435
'0:31.860',-0.335
'0:31.870',-0.230
'0:31.880',-0.095
'0:31.890',-0.020
'0:31.900',-0.010
'0:31.910',0.035
'0:31.920',0.030
'0:31.930',0.080
'0:31.940',0.070
'0:31.950',0.095
'0:31.960',0.095
'0:31.970',0.115
'0:31.980',0.110
'0:31.990',0.105
'0:32.000',0.075
'0:32.010',0.080
'0:32.020',0.065
'0:32.030',0.050
'0:32.040',0.030
'0:32.050',0.020
'0:32.060',0.005
'0:32.070',0.015
'0:32.080',0.005
'0:32.090',0.025
'0:32.100',0.030
'0:32.110',0.035
'0:32.120',0.020
'0:32.130',0.020
'0:32.140',0.035
'0:32.150',0.050
'0:32.160',0.060
'0:32.170',0.055
'0:32.180',0.050
'0:32.190',0.055
'0:32.200',0.050
'0:32.210',0.060
'0:32.220',0.065
'0:32.230',0.070
'0:32.240',0.045
'0:32.250',0.045
'0:32.260',0.015
'0:32.270',-0.050
'0:32.280',-0.125
'0:32.290',-0.070
'0:32.300',-0.005
'0:32.310',0.000
'0:32.320',0.050
'0:32.330',0.090
'0:32.340',0.150
'0:32.350',0.135
'0:32.360',0.150
'0:32.370',0.160
'0:32.380',0.155
'0:32.390',0.165
'0:32.400',0.155
'0:32.410',0.275
'0:32.420',0.245
'0:32.430',-0.250
'0:32.440',-1.280
'0:32.450',-0.820
'0:32.460',0.155
'0:32.470',0.435
'0:32.480',0.660
'0:32.490',0.685
'0:32.500',0.325
'0:32.510',0.190
'0:32.520',0.190
'0:32.530',0.180
'0:32.540',0.165
'0:32.550',0.130
'0:32.560',0.140
'0:32.570',0.130
'0:32.580',0.115
'0:32.590',0.105
'0:32.600',0.090
'0:32.610',0.060
'0:32.620',0.020
'0:32.630',-0.015
'0:32.640',-0.075
'0:32.650',-0.165
'0:32.660',-0.280
'0:32.670',-0.375
'0:32.680',-0.460
'0:32.690',-0.530
'0:32.700',-0.570
'0:32.710',-0.565
'0:32.720',-0.490
'0:32.730',-0.385
'0:32.740',-0.275
'0:32.750',-0.165
'0:32.760',-0.080
'0:32.770',-0.025
'0:32.780',0.020
'0:32.790',0.070
'0:32.800',0.065
'0:32.810',0.085
'0:32.820',0.090
'0:32.830',0.115
'0:32.840',0.120
'0:32.850',0.110
'0:32.860',0.110
'0:32.870',0.125
'0:32.880',0.115
'0:32.890',0.095
'0:32.900',0.095
'0:32.910',0.060
'0:32.920',0.055
'0:32.930',0.050
'0:32.940',0.040
'0:32.950',0.035
'0:32.960',0.020
'0:32.970',0.035
'0:32.980',0.035
'0:32.990',0.060
'0:33.000',0.045
'0:33.010',0.065
'0:33.020',0.050
'0:33.030',0.055
'0:33.040',0.050
'0:33.050',0.065
'0:33.060',0.055
'0:33.070',0.075
'0:33.080',0.070
'0:33.090',0.070
'0:33.100',0.070
'0:33.110',0.075
'0:33.120',0.065
'0:33.130',0.065
'0:33.140',0.025
'0:33.150',0.005
'0:33.160',-0.060
'0:33.170',-0.100
'0:33.180',-0.045
'0:33.190',0.000
'0:33.200',0.020
'0:33.210',0.065
'0:33.220',0.105
'0:33.230',0.165
'0:33.240',0.150
'0:33.250',0.150
'0:33.260',0.150
'0:33.270',0.165
'0:33.280',0.155
'0:33.290',0.175
'0:33.300',0.310
'0:33.310',0.165
'0:33.320',-0.715
'0:33.330',-1.240
'0:33.340',-0.555
'0:33.350',0.230
'0:33.360',0.520
'0:33.370',0.665
'0:33.380',0.515
'0:33.390',0.210
'0:33.400',0.165
'0:33.410',0.160
'0:33.420',0.145
'0:33.430',0.145
'0:33.440',0.125
'0:33.450',0.130
'0:33.460',0.105
'0:33.470',0.120
'0:33.480',0.090
'0:33.490',0.080
'0:33.500',0.030
'0:33.510',0.020
'0:33.520',-0.035
'0:33.530',-0.115
'0:33.540',-0.215
'0:33.550',-0.305
'0:33.560',-0.425
'0:33.570',-0.500
'0:33.580',-0.575
'0:33.590',-0.585
'0:33.600',-0.570
'0:33.610',-0.475
'0:33.620',-0.360
'0:33.630',-0.240
'0:33.640',-0.125
'0:33.650',-0.055
'0:33.660',-0.010
'0:33.670',0.025
'0:33.680',0.045
'0:33.690',0.080
'0:33.700',0.065
'0:33.710',0.090
'0:33.720',0.100
'0:33.730',0.115
'0:33.740',0.110
'0:33.750',0.120
'0:33.760',0.115
'0:33.770',0.105
'0:33.780',0.105
'0:33.790',0.095
'0:33.800',0.075
'0:33.810',0.060
'0:33.820',0.055
'0:33.830',0.050
'0:33.840',0.045
'0:33.850',0.055
'0:33.860',0.040
'0:33.870',0.050
'0:33.880',0.055
'0:33.890',0.065
'0:33.900',0.055
'0:33.910',0.065
'0:33.920',0.065
'0:33.930',0.070
'0:33.940',0.075
'0:33.950',0.065
'0:33.960',0.050
'0:33.970',0.065
'0:33.980',0.075
'0:33.990',0.065
'0:34.000',0.050
'0:34.010',0.030
'0:34.020',-0.010
'0:34.030',-0.065
'0:34.040',-0.125
'0:34.050',-0.065
'0:34.060',-0.020
'0:34.070',0.000
'0:34.080',0.035
'0:34.090',0.100
'0:34.100',0.135
'0:34.110',0.135
'0:34.120',0.140
'0:34.130',0.145
'0:34.140',0.130
'0:34.150',0.140
'0:34.160',0.140
'0:34.170',0.295
'0:34.180',0.155
'0:34.190',-0.730
'0:34.200',-1.205
'0:34.210',-0.555
'0:34.220',0.225
'0:34.230',0.530
'0:34.240',0.655
'0:34.250',0.480
'0:34.260',0.165
'0:34.270',0.155
'0:34.280',0.125
'0:34.290',0.135
'0:34.300',0.120
'0:34.310',0.135
'0:34.320',0.100
'0:34.330',0.110
'0:34.340',0.105
'0:34.350',0.075
'0:34.360',0.070
'0:34.370',0.040
'0:34.380',0.000
'0:34.390',-0.030
'0:34.400',-0.115
'0:34.410',-0.200
'0:34.420',-0.320
'0:34.430',-0.420
'0:34.440',-0.500
'0:34.450',-0.565
'0:34.460',-0.595
'0:34.470',-0.560
'0:34.480',-0.490
'0:34.490',-0.370
'0:34.500',-0.250
'0:34.510',-0.135
'0:34.520',-0.065
'0:34.530',-0.005
'0:34.540',0.030
'0:34.550',0.055
'0:34.560',0.055
'0:34.570',0.065
'0:34.580',0.075
'0:34.590',0.085
'0:34.600',0.090
'0:34.610',0.120
'0:34.620',0.105
'0:34.630',0.115
'0:34.640',0.100
'0:34.650',0.095
'0:34.660',0.085
'0:34.670',0.080
'0:34.680',0.080
'0:34.690',0.065
'0:34.700',0.060
'0:34.710',0.035
'0:34.720',0.035
'0:34.730',0.045
'0:34.740',0.055
'0:34.750',0.040
'0:34.760',0.050
'0:34.770',0.055
'0:34.780',0.055
'0:34.790',0.065
'0:34.800',0.075
'0:34.810',0.080
'0:34.820',0.085
'0:34.830',0.085
'0:34.840',0.060
'0:34.850',0.050
'0:34.860',0.020
'0:34.870',-0.015
'0:34.880',-0.105
'0:34.890',-0.050
'0:34.900',-0.005
'0:34.910',0.040
'0:34.920',0.050
'0:34.930',0.110
'0:34.940',0.155
'0:34.950',0.170
'0:34.960',0.180
'0:34.970',0.180
'0:34.980',0.175
'0:34.990',0.185
'0:35.000',0.170
'0:35.010',0.315
'0:35.020',0.235
'0:35.030',-0.460
'0:35.040',-1.145
'0:35.050',-0.610
'0:35.060',0.255
'0:35.070',0.540
'0:35.080',0.675
'0:35.090',0.585
'0:35.100',0.255
'0:35.110',0.195
'0:35.120',0.180
'0:35.130',0.175
'0:35.140',0.155
'0:35.150',0.145
'0:35.160',0.135
'0:35.170',0.130
'0:35.180',0.130
'0:35.190',0.110
'0:35.200',0.095
'0:35.210',0.065
'0:35.220',0.020
'0:35.230',-0.015
'0:35.240',-0.090
'0:35.250',-0.190
'0:35.260',-0.300
'0:35.270',-0.400
'0:35.280',-0.475
'0:35.290',-0.540
'0:35.300',-0.590
'0:35.310',-0.565
'0:35.320',-0.490
'0:35.330',-0.365
'0:35.340',-0.245
'0:35.350',-0.145
'0:35.360',-0.070
'0:35.370',0.000
'0:35.380',0.025
'0:35.390',0.060
'0:35.400',0.070
'0:35.410',0.080
'0:35.420',0.090
'0:35.430',0.095
'0:35.440',0.100
'0:35.450',0.115
'0:35.460',0.110
'0:35.470',0.115
'0:35.480',0.100
'0:35.490',0.095
'0:35.500',0.095
'0:35.510',0.085
'0:35.520',0.080
'0:35.530',0.075
'0:35.540',0.060
'0:35.550',0.065
'0:35.560',0.055
'0:35.570',0.060
'0:35.580',0.055
'0:35.590',0.055
'0:35.600',0.060
'0:35.610',0.065
'0:35.620',0.075
'0:35.630',0.065
'0:35.640',0.070
'0:35.650',0.070
'0:35.660',0.060
'0:35.670',0.050
'0:35.680',0.030
'0:35.690',-0.015
'0:35.700',-0.080
'0:35.710',-0.095
'0:35.720',-0.045
'0:35.730',-0.010
'0:35.740',0.025
'0:35.750',0.075
'0:35.760',0.130
'0:35.770',0.155
'0:35.780',0.155
'0:35.790',0.155
'0:35.800',0.165
'0:35.810',0.155
'0:35.820',0.180
'0:35.830',0.225
'0:35.840',0.255
'0:35.850',-0.080
'0:35.860',-1.135
'0:35.870',-0.890
'0:35.880',-0.020
'0:35.890',0.360
'0:35.900',0.610
'0:35.910',0.655
'0:35.920',0.295
'0:35.930',0.175
'0:35.940',0.170
'0:35.950',0.150
'0:35.960',0.150
'0:35.970',0.135
'0:35.980',0.145
'0:35.990',0.130
'0:36.000',0.115
'0:36.010',0.105
'0:36.020',0.095
'0:36.030',0.070
'0:36.040',0.040
'0:36.050',0.000
'0:36.060',-0.070
'0:36.070',-0.150
'0:36.080',-0.260
'0:36.090',-0.370
'0:36.100',-0.465
'0:36.110',-0.530
'0:36.120',-0.575
'0:36.130',-0.570
'0:36.140',-0.520
'0:36.150',-0.410
'0:36.160',-0.295
'0:36.170',-0.180
'0:36.180',-0.090
'0:36.190',-0.035
'0:36.200',0.005
'0:36.210',0.030
'0:36.220',0.045
'0:36.230',0.060
'0:36.240',0.060
'0:36.250',0.070
'0:36.260',0.070
'0:36.270',0.080
'0:36.280',0.080
'0:36.290',0.090
'0:36.300',0.090
'0:36.310',0.085
'0:36.320',0.070
'0:36.330',0.070
'0:36.340',0.060
'0:36.350',0.060
'0:36.360',0.045
'0:36.370',0.030
'0:36.380',0.030
'0:36.390',0.045
'0:36.400',0.040
'0:36.410',0.045
'0:36.420',0.055
'0:36.430',0.060
'0:36.440',0.065
'0:36.450',0.060
'0:36.460',0.065
'0:36.470',0.065
'0:36.480',0.055
'0:36.490',0.030
'0:36.500',0.000
'0:36.510',-0.040
'0:36.520',-0.110
'0:36.530',-0.100
'0:36.540',-0.045
'0:36.550',-0.005
'0:36.560',0.015
'0:36.570',0.070
'0:36.580',0.135
'0:36.590',0.135
'0:36.600',0.145
'0:36.610',0.135
'0:36.620',0.145
'0:36.630',0.135
'0:36.640',0.155
'0:36.650',0.195
'0:36.660',0.235
'0:36.670',-0.050
'0:36.680',-1.095
'0:36.690',-0.855
'0:36.700',-0.030
'0:36.710',0.335
'0:36.720',0.590
'0:36.730',0.645
'0:36.740',0.295
'0:36.750',0.150
'0:36.760',0.150
'0:36.770',0.140
'0:36.780',0.135
'0:36.790',0.115
'0:36.800',0.115
'0:36.810',0.105
'0:36.820',0.110
'0:36.830',0.085
'0:36.840',0.065
'0:36.850',0.045
'0:36.860',0.015
'0:36.870',-0.025
'0:36.880',-0.090
'0:36.890',-0.170
'0:36.900',-0.275
'0:36.910',-0.395
'0:36.920',-0.480
'0:36.930',-0.535
'0:36.940',-0.580
'0:36.950',-0.585
'0:36.960',-0.525
'0:36.970',-0.430
'0:36.980',-0.315
'0:36.990',-0.200
'0:37.000',-0.120
'0:37.010',-0.050
'0:37.020',0.000
'0:37.030',0.025
'0:37.040',0.035
'0:37.050',0.055
'0:37.060',0.050
'0:37.070',0.075
'0:37.080',0.070
'0:37.090',0.085
'0:37.100',0.080
'0:37.110',0.090
'0:37.120',0.070
'0:37.130',0.075
'0:37.140',0.075
'0:37.150',0.070
'0:37.160',0.045
'0:37.170',0.040
'0:37.180',0.025
'0:37.190',0.040
'0:37.200',0.030
'0:37.210',0.040
'0:37.220',0.035
'0:37.230',0.050
'0:37.240',0.040
'0:37.250',0.040
'0:37.260',0.045
'0:37.270',0.045
'0:37.280',0.045
'0:37.290',0.060
'0:37.300',0.050
'0:37.310',0.045
'0:37.320',-0.005
'0:37.330',-0.025
'0:37.340',-0.100
'0:37.350',-0.115
'0:37.360',-0.070
'0:37.370',0.005
'0:37.380',-0.010
'0:37.390',0.075
'0:37.400',0.110
'0:37.410',0.145
'0:37.420',0.130
'0:37.430',0.150
'0:37.440',0.145
'0:37.450',0.135
'0:37.460',0.135
'0:37.470',0.140
'0:37.480',0.280
'0:37.490',0.180
'0:37.500',-0.585
'0:37.510',-1.140
'0:37.520',-0.545
'0:37.530',0.215
'0:37.540',0.465
'0:37.550',0.640
'0:37.560',0.565
'0:37.570',0.220
'0:37.580',0.150
'0:37.590',0.135
'0:37.600',0.120
'0:37.610',0.120
'0:37.620',0.095
'0:37.630',0.110
'0:37.640',0.095
'0:37.650',0.085
'0:37.660',0.055
'0:37.670',0.050
'0:37.680',0.010
'0:37.690',0.000
'0:37.700',-0.065
'0:37.710',-0.135
'0:37.720',-0.215
'0:37.730',-0.320
'0:37.740',-0.425
'0:37.750',-0.500
'0:37.760',-0.555
'0:37.770',-0.585
'0:37.780',-0.555
'0:37.790',-0.480
'0:37.800',-0.375
'0:37.810',-0.245
'0:37.820',-0.150
'0:37.830',-0.075
'0:37.840',0.000
'0:37.850',0.025
'0:37.860',0.045
'0:37.870',0.070
'0:37.880',0.070
'0:37.890',0.095
'0:37.900',0.100
'0:37.910',0.105
'0:37.920',0.100
'0:37.930',0.105
'0:37.940',0.100
'0:37.950',0.085
'0:37.960',0.080
'0:37.970',0.080
'0:37.980',0.050
'0:37.990',0.055
'0:38.000',0.040
'0:38.010',0.035
'0:38.020',0.020
'0:38.030',0.040
'0:38.040',0.035
'0:38.050',0.045
'0:38.060',0.045
'0:38.070',0.060
'0:38.080',0.050
'0:38.090',0.065
'0:38.100',0.060
'0:38.110',0.070
'0:38.120',0.055
'0:38.130',0.075
'0:38.140',0.060
'0:38.150',0.065
'0:38.160',0.035
'0:38.170',0.000
'0:38.180',-0.075
'0:38.190',-0.115
'0:38.200',-0.065
'0:38.210',-0.005
'0:38.220',0.010
'0:38.230',0.070
'0:38.240',0.100
'0:38.250',0.160
'0:38.260',0.150
'0:38.270',0.170
'0:38.280',0.160
'0:38.290',0.165
'0:38.300',0.160
'0:38.310',0.170
'0:38.320',0.255
'0:38.330',0.265
'0:38.340',-0.165
'0:38.350',-1.215
'0:38.360',-0.900
'0:38.370',0.065
'0:38.380',0.365
'0:38.390',0.635
'0:38.400',0.670
'0:38.410',0.330
'0:38.420',0.185
'0:38.430',0.180
'0:38.440',0.145
'0:38.450',0.155
'0:38.460',0.135
'0:38.470',0.145
'0:38.480',0.120
'0:38.490',0.115
'0:38.500',0.095
'0:38.510',0.085
'0:38.520',0.065
'0:38.530',0.045
'0:38.540',-0.030
'0:38.550',-0.090
'0:38.560',-0.165
'0:38.570',-0.275
'0:38.580',-0.390
'0:38.590',-0.470
'0:38.600',-0.540
'0:38.610',-0.560
'0:38.620',-0.575
'0:38.630',-0.495
'0:38.640',-0.405
'0:38.650',-0.295
'0:38.660',-0.190
'0:38.670',-0.100
'0:38.680',-0.030
'0:38.690',0.020
'0:38.700',0.040
'0:38.710',0.060
'0:38.720',0.080
'0:38.730',0.085
'0:38.740',0.080
'0:38.750',0.095
'0:38.760',0.100
'0:38.770',0.105
'0:38.780',0.100
'0:38.790',0.105
'0:38.800',0.065
'0:38.810',0.070
'0:38.820',0.055
'0:38.830',0.045
'0:38.840',0.030
'0:38.850',0.030
'0:38.860',0.020
'0:38.870',0.025
'0:38.880',0.030
'0:38.890',0.035
'0:38.900',0.040
'0:38.910',0.040
'0:38.920',0.060
'0:38.930',0.075
'0:38.940',0.065
'0:38.950',0.065
'0:38.960',0.060
'0:38.970',0.070
'0:38.980',0.060
'0:38.990',0.070
'0:39.000',0.065
'0:39.010',0.090
'0:39.020',0.065
'0:39.030',0.045
'0:39.040',0.015
'0:39.050',-0.005
'0:39.060',-0.100
'0:39.070',-0.080
'0:39.080',-0.035
'0:39.090',0.015
'0:39.100',0.010
'0:39.110',0.080
'0:39.120',0.140
'0:39.130',0.160
'0:39.140',0.145
'0:39.150',0.170
'0:39.160',0.155
'0:39.170',0.175
'0:39.180',0.155
'0:39.190',0.170
'0:39.200',0.290
'0:39.210',0.220
'0:39.220',-0.390
'0:39.230',-1.180
'0:39.240',-0.745
'0:39.250',0.140
'0:39.260',0.450
'0:39.270',0.640
'0:39.280',0.595
'0:39.290',0.255
'0:39.300',0.175
'0:39.310',0.180
'0:39.320',0.150
'0:39.330',0.150
'0:39.340',0.135
'0:39.350',0.130
'0:39.360',0.115
'0:39.370',0.125
'0:39.380',0.105
'0:39.390',0.080
'0:39.400',0.050
'0:39.410',0.020
'0:39.420',-0.025
'0:39.430',-0.080
'0:39.440',-0.175
'0:39.450',-0.275
'0:39.460',-0.400
'0:39.470',-0.480
'0:39.480',-0.535
'0:39.490',-0.560
'0:39.500',-0.575
'0:39.510',-0.495
'0:39.520',-0.410
'0:39.530',-0.285
'0:39.540',-0.180
'0:39.550',-0.095
'0:39.560',-0.025
'0:39.570',0.010
'0:39.580',0.020
'0:39.590',0.045
'0:39.600',0.060
'0:39.610',0.085
'0:39.620',0.080
'0:39.630',0.090
'0:39.640',0.090
'0:39.650',0.110
'0:39.660',0.090
'0:39.670',0.095
'0:39.680',0.080
'0:39.690',0.060
'0:39.700',0.050
'0:39.710',0.040
'0:39.720',0.030
'0:39.730',0.025
'0:39.740',0.030
'0:39.750',0.035
'0:39.760',0.045
'0:39.770',0.050
'0:39.780',0.040
'0:39.790',0.060
'0:39.800',0.065
'0:39.810',0.075
'0:39.820',0.055
'0:39.830',0.080
'0:39.840',0.060
'0:39.850',0.080
'0:39.860',0.070
'0:39.870',0.090
'0:39.880',0.085
'0:39.890',0.085
'0:39.900',0.065
'0:39.910',0.070
'0:39.920',0.040
'0:39.930',0.005
'0:39.940',-0.065
'0:39.950',-0.095
'0:39.960',-0.055
'0:39.970',0.005
'0:39.980',0.010
'0:39.990',0.085
'0:40.000',0.120
'0:40.010',0.170
'0:40.020',0.155
'0:40.030',0.180
'0:40.040',0.155
'0:40.050',0.170
'0:40.060',0.160
'0:40.070',0.175
'0:40.080',0.250
'0:40.090',0.260
'0:40.100',-0.135
'0:40.110',-1.165
'0:40.120',-0.890
'0:40.130',0.045
'0:40.140',0.380
'0:40.150',0.620
'0:40.160',0.655
'0:40.170',0.320
'0:40.180',0.180
'0:40.190',0.180
'0:40.200',0.155
'0:40.210',0.160
'0:40.220',0.145
'0:40.230',0.140
'0:40.240',0.125
'0:40.250',0.125
'0:40.260',0.105
'0:40.270',0.090
'0:40.280',0.060
'0:40.290',0.040
'0:40.300',-0.005
'0:40.310',-0.060
'0:40.320',-0.160
'0:40.330',-0.240
'0:40.340',-0.350
'0:40.350',-0.435
'0:40.360',-0.510
'0:40.370',-0.550
'0:40.380',-0.555
'0:40.390',-0.490
'0:40.400',-0.415
'0:40.410',-0.300
'0:40.420',-0.195
'0:40.430',-0.095
'0:40.440',-0.025
'0:40.450',0.020
'0:40.460',0.045
'0:40.470',0.065
'0:40.480',0.075
'0:40.490',0.095
'0:40.500',0.090
'0:40.510',0.100
'0:40.520',0.105
'0:40.530',0.110
'0:40.540',0.095
'0:40.550',0.095
'0:40.560',0.080
'0:40.570',0.070
'0:40.580',0.050
'0:40.590',0.050
'0:40.600',0.030
'0:40.610',0.030
'0:40.620',0.020
'0:40.630',0.030
'0:40.640',0.035
'0:40.650',0.045
'0:40.660',0.055
'0:40.670',0.065
'0:40.680',0.055
'0:40.690',0.060
'0:40.700',0.060
'0:40.710',0.070
'0:40.720',0.070
'0:40.730',0.075
'0:40.740',0.070
'0:40.750',0.085
'0:40.760',0.065
'0:40.770',0.085
'0:40.780',0.080
'0:40.790',0.090
'0:40.800',0.070
'0:40.810',0.070
'0:40.820',0.030
'0:40.830',0.005
'0:40.840',-0.065
'0:40.850',-0.090
'0:40.860',-0.060
'0:40.870',0.000
'0:40.880',0.010
'0:40.890',0.070
'0:40.900',0.105
'0:40.910',0.160
'0:40.920',0.145
'0:40.930',0.170
'0:40.940',0.160
'0:40.950',0.165
'0:40.960',0.155
'0:40.970',0.170
'0:40.980',0.210
'0:40.990',0.275
'0:41.000',0.000
'0:41.010',-1.065
'0:41.020',-0.940
'0:41.030',-0.095
'0:41.040',0.300
'0:41.050',0.605
'0:41.060',0.680
'0:41.070',0.360
'0:41.080',0.175
'0:41.090',0.170
'0:41.100',0.150
'0:41.110',0.155
'0:41.120',0.135
'0:41.130',0.140
'0:41.140',0.125
'0:41.150',0.120
'0:41.160',0.100
'0:41.170',0.100
'0:41.180',0.065
'0:41.190',0.035
'0:41.200',-0.005
'0:41.210',-0.055
'0:41.220',-0.130
'0:41.230',-0.230
'0:41.240',-0.335
'0:41.250',-0.420
'0:41.260',-0.495
'0:41.270',-0.540
'0:41.280',-0.565
'0:41.290',-0.525
'0:41.300',-0.450
'0:41.310',-0.330
'0:41.320',-0.225
'0:41.330',-0.120
'0:41.340',-0.050
'0:41.350',0.000
'0:41.360',0.035
'0:41.370',0.050
'0:41.380',0.060
'0:41.390',0.080
'0:41.400',0.080
'0:41.410',0.095
'0:41.420',0.085
'0:41.430',0.090
'0:41.440',0.085
'0:41.450',0.085
'0:41.460',0.080
'0:41.470',0.060
'0:41.480',0.040
'0:41.490',0.030
'0:41.500',0.020
'0:41.510',0.025
'0:41.520',0.015
'0:41.530',0.020
'0:41.540',0.020
'0:41.550',0.025
'0:41.560',0.030
'0:41.570',0.035
'0:41.580',0.045
'0:41.590',0.045
'0:41.600',0.050
'0:41.610',0.055
'0:41.620',0.045
'0:41.630',0.060
'0:41.640',0.060
'0:41.650',0.050
'0:41.660',0.060
'0:41.670',0.050
'0:41.680',0.055
'0:41.690',0.055
'0:41.700',0.060
'0:41.710',0.060
'0:41.720',0.065
'0:41.730',0.055
'0:41.740',0.055
'0:41.750',0.015
'0:41.760',-0.015
'0:41.770',-0.085
'0:41.780',-0.120
'0:41.790',-0.060
'0:41.800',-0.015
'0:41.810',0.000
'0:41.820',0.075
'0:41.830',0.100
'0:41.840',0.140
'0:41.850',0.135
'0:41.860',0.145
'0:41.870',0.145
'0:41.880',0.150
'0:41.890',0.140
'0:41.900',0.150
'0:41.910',0.210
'0:41.920',0.230
'0:41.930',-0.080
'0:41.940',-1.105
'0:41.950',-0.860
'0:41.960',-0.020
'0:41.970',0.320
'0:41.980',0.590
'0:41.990',0.650
'0:42.000',0.315
'0:42.010',0.160
'0:42.020',0.160
'0:42.030',0.145
'0:42.040',0.135
'0:42.050',0.125
'0:42.060',0.125
'0:42.070',0.100
'0:42.080',0.115
'0:42.090',0.095
'0:42.100',0.080
'0:42.110',0.050
'0:42.120',0.025
'0:42.130',-0.015
'0:42.140',-0.070
'0:42.150',-0.155
'0:42.160',-0.235
'0:42.170',-0.340
'0:42.180',-0.435
'0:42.190',-0.505
'0:42.200',-0.530
'0:42.210',-0.560
'0:42.220',-0.525
'0:42.230',-0.445
'0:42.240',-0.345
'0:42.250',-0.230
'0:42.260',-0.125
'0:42.270',-0.065
'0:42.280',-0.005
'0:42.290',0.025
'0:42.300',0.045
'0:42.310',0.065
'0:42.320',0.080
'0:42.330',0.085
'0:42.340',0.080
'0:42.350',0.080
'0:42.360',0.090
'0:42.370',0.085
'0:42.380',0.060
'0:42.390',0.065
'0:42.400',0.050
'0:42.410',0.035
'0:42.420',0.020
'0:42.430',0.010
'0:42.440',0.005
'0:42.450',0.010
'0:42.460',0.010
'0:42.470',0.015
'0:42.480',0.025
'0:42.490',0.035
'0:42.500',0.035
'0:42.510',0.030
'0:42.520',0.040
'0:42.530',0.030
'0:42.540',0.035
'0:42.550',0.040
'0:42.560',0.025
'0:42.570',0.050
'0:42.580',0.030
'0:42.590',0.050
'0:42.600',0.050
'0:42.610',0.055
'0:42.620',0.045
'0:42.630',0.055
'0:42.640',0.050
'0:42.650',0.070
'0:42.660',0.065
'0:42.670',0.060
'0:42.680',0.055
'0:42.690',0.030
'0:42.700',0.000
'0:42.710',-0.040
'0:42.720',-0.130
'0:42.730',-0.105
'0:42.740',-0.040
'0:42.750',0.000
'0:42.760',0.015
'0:42.770',0.085
'0:42.780',0.110
'0:42.790',0.135
'0:42.800',0.125
'0:42.810',0.135
'0:42.820',0.130
'0:42.830',0.125
'0:42.840',0.120
'0:42.850',0.135
'0:42.860',0.265
'0:42.870',0.200
'0:42.880',-0.505
'0:42.890',-1.170
'0:42.900',-0.645
'0:42.910',0.160
'0:42.920',0.430
'0:42.930',0.625
'0:42.940',0.570
'0:42.950',0.225
'0:42.960',0.150
'0:42.970',0.145
'0:42.980',0.125
'0:42.990',0.135
'0:43.000',0.110
'0:43.010',0.110
'0:43.020',0.100
'0:43.030',0.080
'0:43.040',0.070
'0:43.050',0.070
'0:43.060',0.020
'0:43.070',0.005
'0:43.080',-0.040
'0:43.090',-0.105
'0:43.100',-0.185
'0:43.110',-0.290
'0:43.120',-0.385
'0:43.130',-0.455
'0:43.140',-0.510
'0:43.150',-0.535
'0:43.160',-0.560
'0:43.170',-0.485
'0:43.180',-0.435
'0:43.190',-0.310
'0:43.200',-0.225
'0:43.210',-0.125
'0:43.220',-0.055
'0:43.230',0.000
'0:43.240',0.020
'0:43.250',0.060
'0:43.260',0.055
'0:43.270',0.080
'0:43.280',0.085
'0:43.290',0.080
'0:43.300',0.065
'0:43.310',0.080
'0:43.320',0.080
'0:43.330',0.055
'0:43.340',0.055
'0:43.350',0.050
'0:43.360',0.025
'0:43.370',0.010
'0:43.380',0.010
'0:43.390',0.005
'0:43.400',0.015
'0:43.410',0.010
'0:43.420',0.025
'0:43.430',0.025
'0:43.440',0.035
'0:43.450',0.030
'0:43.460',0.040
'0:43.470',0.030
'0:43.480',0.040
'0:43.490',0.050
'0:43.500',0.045
'0:43.510',0.055
'0:43.520',0.060
'0:43.530',0.060
'0:43.540',0.055
'0:43.550',0.065
'0:43.560',0.065
'0:43.570',0.065
'0:43.580',0.050
'0:43.590',0.065
'0:43.600',0.080
'0:43.610',0.055
'0:43.620',0.040
'0:43.630',0.005
'0:43.640',-0.055
'0:43.650',-0.130
'0:43.660',-0.085
'0:43.670',-0.030
'0:43.680',0.000
'0:43.690',0.040
'0:43.700',0.095
'0:43.710',0.135
'0:43.720',0.150
'0:43.730',0.140
'0:43.740',0.140
'0:43.750',0.150
'0:43.760',0.160
'0:43.770',0.150
'0:43.780',0.185
'0:43.790',0.310
'0:43.800',0.120
'0:43.810',-0.930
'0:43.820',-1.115
'0:43.830',-0.305
'0:43.840',0.245
'0:43.850',0.560
'0:43.860',0.680
'0:43.870',0.515
'0:43.880',0.210
'0:43.890',0.175
'0:43.900',0.175
'0:43.910',0.155
'0:43.920',0.140
'0:43.930',0.130
'0:43.940',0.130
'0:43.950',0.115
'0:43.960',0.110
'0:43.970',0.080
'0:43.980',0.075
'0:43.990',0.035
'0:44.000',0.015
'0:44.010',-0.040
'0:44.020',-0.105
'0:44.030',-0.195
'0:44.040',-0.295
'0:44.050',-0.380
'0:44.060',-0.455
'0:44.070',-0.515
'0:44.080',-0.540
'0:44.090',-0.525
'0:44.100',-0.465
'0:44.110',-0.380
'0:44.120',-0.265
'0:44.130',-0.175
'0:44.140',-0.075
'0:44.150',-0.010
'0:44.160',0.025
'0:44.170',0.050
'0:44.180',0.065
'0:44.190',0.080
'0:44.200',0.100
'0:44.210',0.095
'0:44.220',0.090
'0:44.230',0.100
'0:44.240',0.080
'0:44.250',0.075
'0:44.260',0.065
'0:44.270',0.055
'0:44.280',0.045
'0:44.290',0.045
'0:44.300',0.010
'0:44.310',0.020
'0:44.320',0.015
'0:44.330',0.015
'0:44.340',0.025
'0:44.350',0.025
'0:44.360',0.035
'0:44.370',0.045
'0:44.380',0.040
'0:44.390',0.045
'0:44.400',0.055
'0:44.410',0.055
'0:44.420',0.050
'0:44.430',0.060
'0:44.440',0.065
'0:44.450',0.065
'0:44.460',0.060
'0:44.470',0.065
'0:44.480',0.060
'0:44.490',0.065
'0:44.500',0.080
'0:44.510',0.075
'0:44.520',0.070
'0:44.530',0.085
'0:44.540',0.070
'0:44.550',0.070
'0:44.560',0.040
'0:44.570',0.015
'0:44.580',-0.050
'0:44.590',-0.100
'0:44.600',-0.060
'0:44.610',0.000
'0:44.620',0.010
'0:44.630',0.075
'0:44.640',0.115
'0:44.650',0.165
'0:44.660',0.150
'0:44.670',0.165
'0:44.680',0.165
'0:44.690',0.180
'0:44.700',0.170
'0:44.710',0.180
'0:44.720',0.265
'0:44.730',0.275
'0:44.740',-0.130
'0:44.750',-1.185
'0:44.760',-0.930
'0:44.770',-0.005
'0:44.780',0.345
'0:44.790',0.620
'0:44.800',0.665
'0:44.810',0.325
'0:44.820',0.195
'0:44.830',0.185
'0:44.840',0.175
'0:44.850',0.165
'0:44.860',0.140
'0:44.870',0.145
'0:44.880',0.135
'0:44.890',0.125
'0:44.900',0.115
'0:44.910',0.090
'0:44.920',0.065
'0:44.930',0.045
'0:44.940',-0.005
'0:44.950',-0.055
'0:44.960',-0.130
'0:44.970',-0.220
'0:44.980',-0.325
'0:44.990',-0.420
'0:45.000',-0.485
'0:45.010',-0.540
'0:45.020',-0.565
'0:45.030',-0.535
'0:45.040',-0.460
'0:45.050',-0.350
'0:45.060',-0.240
'0:45.070',-0.145
'0:45.080',-0.060
'0:45.090',-0.005
'0:45.100',0.020
'0:45.110',0.050
'0:45.120',0.060
'0:45.130',0.080
'0:45.140',0.085
'0:45.150',0.085
'0:45.160',0.100
'0:45.170',0.095
'0:45.180',0.085
'0:45.190',0.080
'0:45.200',0.075
'0:45.210',0.065
'0:45.220',0.055
'0:45.230',0.025
'0:45.240',0.020
'0:45.250',0.010
'0:45.260',0.010
'0:45.270',0.015
'0:45.280',0.020
'0:45.290',0.030
'0:45.300',0.035
'0:45.310',0.040
'0:45.320',0.045
'0:45.330',0.055
'0:45.340',0.045
'0:45.350',0.050
'0:45.360',0.055
'0:45.370',0.065
'0:45.380',0.065
'0:45.390',0.070
'0:45.400',0.065
'0:45.410',0.065
'0:45.420',0.075
'0:45.430',0.070
'0:45.440',0.070
'0:45.450',0.075
'0:45.460',0.065
'0:45.470',0.080
'0:45.480',0.075
'0:45.490',0.075
'0:45.500',0.045
'0:45.510',0.005
'0:45.520',-0.050
'0:45.530',-0.110
'0:45.540',-0.075
'0:45.550',-0.020
'0:45.560',0.000
'0:45.570',0.050
'0:45.580',0.095
'0:45.590',0.145
'0:45.600',0.145
'0:45.610',0.155
'0:45.620',0.155
'0:45.630',0.160
'0:45.640',0.160
'0:45.650',0.160
'0:45.660',0.175
'0:45.670',0.280
'0:45.680',0.080
'0:45.690',-0.935
'0:45.700',-1.030
'0:45.710',-0.295
'0:45.720',0.240
'0:45.730',0.570
'0:45.740',0.685
'0:45.750',0.430
'0:45.760',0.190
'0:45.770',0.190
'0:45.780',0.165
'0:45.790',0.155
'0:45.800',0.145
'0:45.810',0.140
'0:45.820',0.130
'0:45.830',0.120
'0:45.840',0.115
'0:45.850',0.090
'0:45.860',0.070
'0:45.870',0.050
'0:45.880',0.010
'0:45.890',-0.035
'0:45.900',-0.095
'0:45.910',-0.195
'0:45.920',-0.295
'0:45.930',-0.400
'0:45.940',-0.470
'0:45.950',-0.520
'0:45.960',-0.550
'0:45.970',-0.540
'0:45.980',-0.480
'0:45.990',-0.380
'0:46.000',-0.270
'0:46.010',-0.175
'0:46.020',-0.085
'0:46.030',-0.025
'0:46.040',0.010
'0:46.050',0.040
'0:46.060',0.060
'0:46.070',0.060
'0:46.080',0.070
'0:46.090',0.075
'0:46.100',0.080
'0:46.110',0.080
'0:46.120',0.080
'0:46.130',0.070
'0:46.140',0.065
'0:46.150',0.065
'0:46.160',0.040
'0:46.170',0.035
'0:46.180',0.025
'0:46.190',0.015
'0:46.200',0.020
'0:46.210',0.005
'0:46.220',0.010
'0:46.230',0.015
'0:46.240',0.025
'0:46.250',0.025
'0:46.260',0.030
'0:46.270',0.030
'0:46.280',0.030
'0:46.290',0.040
'0:46.300',0.045
'0:46.310',0.035
'0:46.320',0.035
'0:46.330',0.040
'0:46.340',0.045
'0:46.350',0.040
'0:46.360',0.050
'0:46.370',0.060
'0:46.380',0.060
'0:46.390',0.060
'0:46.400',0.065
'0:46.410',0.065
'0:46.420',0.070
'0:46.430',0.050
'0:46.440',0.040
'0:46.450',0.005
'0:46.460',-0.045
'0:46.470',-0.120
'0:46.480',-0.095
'0:46.490',-0.035
'0:46.500',0.000
'0:46.510',0.020
'0:46.520',0.085
'0:46.530',0.130
'0:46.540',0.145
'0:46.550',0.140
'0:46.560',0.150
'0:46.570',0.150
'0:46.580',0.155
'0:46.590',0.150
'0:46.600',0.155
'0:46.610',0.275
'0:46.620',0.170
'0:46.630',-0.585
'0:46.640',-1.040
'0:46.650',-0.505
'0:46.660',0.175
'0:46.670',0.500
'0:46.680',0.655
'0:46.690',0.540
'0:46.700',0.210
'0:46.710',0.165
'0:46.720',0.160
'0:46.730',0.145
'0:46.740',0.140
'0:46.750',0.130
'0:46.760',0.120
'0:46.770',0.105
'0:46.780',0.100
'0:46.790',0.080
'0:46.800',0.070
'0:46.810',0.035
'0:46.820',0.010
'0:46.830',-0.035
'0:46.840',-0.080
'0:46.850',-0.190
'0:46.860',-0.275
'0:46.870',-0.380
'0:46.880',-0.460
'0:46.890',-0.525
'0:46.900',-0.565
'0:46.910',-0.580
'0:46.920',-0.525
'0:46.930',-0.435
'0:46.940',-0.330
'0:46.950',-0.205
'0:46.960',-0.110
'0:46.970',-0.050
'0:46.980',-0.010
'0:46.990',0.015
'0:47.000',0.045
'0:47.010',0.050
'0:47.020',0.060
'0:47.030',0.060
'0:47.040',0.075
'0:47.050',0.075
'0:47.060',0.075
'0:47.070',0.075
'0:47.080',0.065
'0:47.090',0.055
'0:47.100',0.050
'0:47.110',0.030
'0:47.120',0.025
'0:47.130',0.020
'0:47.140',0.000
'0:47.150',0.000
'0:47.160',0.005
'0:47.170',0.015
'0:47.180',0.020
'0:47.190',0.035
'0:47.200',0.035
'0:47.210',0.030
'0:47.220',0.030
'0:47.230',0.040
'0:47.240',0.040
'0:47.250',0.030
'0:47.260',0.040
'0:47.270',0.040
'0:47.280',0.045
'0:47.290',0.045
'0:47.300',0.045
'0:47.310',0.045
'0:47.320',0.050
'0:47.330',0.050
'0:47.340',0.060
'0:47.350',0.050
'0:47.360',0.035
'0:47.370',0.055
'0:47.380',0.035
'0:47.390',0.025
'0:47.400',0.000
'0:47.410',-0.060
'0:47.420',-0.145
'0:47.430',-0.115
'0:47.440',-0.055
'0:47.450',-0.010
'0:47.460',0.010
'0:47.470',0.075
'0:47.480',0.115
'0:47.490',0.115
'0:47.500',0.110
'0:47.510',0.125
'0:47.520',0.130
'0:47.530',0.145
'0:47.540',0.125
'0:47.550',0.135
'0:47.560',0.280
'0:47.570',0.165
'0:47.580',-0.640
'0:47.590',-1.150
'0:47.600',-0.510
'0:47.610',0.210
'0:47.620',0.490
'0:47.630',0.635
'0:47.640',0.565
'0:47.650',0.225
'0:47.660',0.170
'0:47.670',0.160
'0:47.680',0.135
'0:47.690',0.125
'0:47.700',0.110
'0:47.710',0.110
'0:47.720',0.095
'0:47.730',0.090
'0:47.740',0.085
'0:47.750',0.070
'0:47.760',0.025
'0:47.770',0.000
'0:47.780',-0.035
'0:47.790',-0.105
'0:47.800',-0.185
'0:47.810',-0.280
'0:47.820',-0.375
'0:47.830',-0.455
'0:47.840',-0.515
'0:47.850',-0.555
'0:47.860',-0.570
'0:47.870',-0.515
'0:47.880',-0.435
'0:47.890',-0.330
'0:47.900',-0.215
'0:47.910',-0.110
'0:47.920',-0.055
'0:47.930',0.005
'0:47.940',0.025
'0:47.950',0.050
'0:47.960',0.085
'0:47.970',0.085
'0:47.980',0.085
'0:47.990',0.100
'0:48.000',0.095
'0:48.010',0.080
'0:48.020',0.075
'0:48.030',0.070
'0:48.040',0.080
'0:48.050',0.040
'0:48.060',0.060
'0:48.070',0.045
'0:48.080',0.035
'0:48.090',0.015
'0:48.100',0.025
'0:48.110',0.025
'0:48.120',0.040
'0:48.130',0.035
'0:48.140',0.045
'0:48.150',0.035
'0:48.160',0.050
'0:48.170',0.040
'0:48.180',0.065
'0:48.190',0.050
'0:48.200',0.070
'0:48.210',0.055
'0:48.220',0.065
'0:48.230',0.060
'0:48.240',0.070
'0:48.250',0.075
'0:48.260',0.060
'0:48.270',0.060
'0:48.280',0.080
'0:48.290',0.070
'0:48.300',0.090
'0:48.310',0.070
'0:48.320',0.085
'0:48.330',0.040
'0:48.340',0.000
'0:48.350',-0.070
'0:48.360',-0.100
'0:48.370',-0.060
'0:48.380',0.005
'0:48.390',0.010
'0:48.400',0.085
'0:48.410',0.115
'0:48.420',0.155
'0:48.430',0.150
'0:48.440',0.165
'0:48.450',0.160
'0:48.460',0.175
'0:48.470',0.150
'0:48.480',0.165
'0:48.490',0.265
'0:48.500',0.265
'0:48.510',-0.085
'0:48.520',-1.175
'0:48.530',-0.945
'0:48.540',0.015
'0:48.550',0.310
'0:48.560',0.620
'0:48.570',0.680
'0:48.580',0.400
'0:48.590',0.185
'0:48.600',0.180
'0:48.610',0.150
'0:48.620',0.155
'0:48.630',0.140
'0:48.640',0.140
'0:48.650',0.120
'0:48.660',0.115
'0:48.670',0.100
'0:48.680',0.095
'0:48.690',0.065
'0:48.700',0.040
'0:48.710',0.000
'0:48.720',-0.050
'0:48.730',-0.125
'0:48.740',-0.215
'0:48.750',-0.325
'0:48.760',-0.420
'0:48.770',-0.495
'0:48.780',-0.535
'0:48.790',-0.565
'0:48.800',-0.545
'0:48.810',-0.470
'0:48.820',-0.370
'0:48.830',-0.265
'0:48.840',-0.150
'0:48.850',-0.075
'0:48.860',0.000
'0:48.870',0.015
'0:48.880',0.055
'0:48.890',0.060
'0:48.900',0.080
'0:48.910',0.085
'0:48.920',0.095
'0:48.930',0.105
'0:48.940',0.105
'0:48.950',0.095
'0:48.960',0.100
'0:48.970',0.085
'0:48.980',0.070
'0:48.990',0.045
'0:49.000',0.035
'0:49.010',0.030
'0:49.020',0.020
'0:49.030',0.020
'0:49.040',0.025
'0:49.050',0.020
'0:49.060',0.030
'0:49.070',0.030
'0:49.080',0.045
'0:49.090',0.030
'0:49.100',0.050
'0:49.110',0.050
'0:49.120',0.050
'0:49.130',0.055
'0:49.140',0.060
'0:49.150',0.065
'0:49.160',0.065
'0:49.170',0.055
'0:49.180',0.070
'0:49.190',0.070
'0:49.200',0.065
'0:49.210',0.060
'0:49.220',0.070
'0:49.230',0.070
'0:49.240',0.075
'0:49.250',0.070
'0:49.260',0.085
'0:49.270',0.075
'0:49.280',0.070
'0:49.290',0.035
'0:49.300',0.010
'0:49.310',-0.065
'0:49.320',-0.120
'0:49.330',-0.070
'0:49.340',-0.005
'0:49.350',0.000
'0:49.360',0.045
'0:49.370',0.085
'0:49.380',0.145
'0:49.390',0.150
'0:49.400',0.150
'0:49.410',0.155
'0:49.420',0.165
'0:49.430',0.150
'0:49.440',0.155
'0:49.450',0.175
'0:49.460',0.295
'0:49.470',0.125
'0:49.480',-0.870
'0:49.490',-1.105
'0:49.500',-0.390
'0:49.510',0.215
'0:49.520',0.555
'0:49.530',0.670
'0:49.540',0.470
'0:49.550',0.195
'0:49.560',0.180
'0:49.570',0.160
'0:49.580',0.155
'0:49.590',0.145
'0:49.600',0.140
'0:49.610',0.125
'0:49.620',0.130
'0:49.630',0.110
'0:49.640',0.110
'0:49.650',0.065
'0:49.660',0.050
'0:49.670',0.010
'0:49.680',-0.025
'0:49.690',-0.100
'0:49.700',-0.175
'0:49.710',-0.300
'0:49.720',-0.380
'0:49.730',-0.470
'0:49.740',-0.530
'0:49.750',-0.565
'0:49.760',-0.575
'0:49.770',-0.515
'0:49.780',-0.420
'0:49.790',-0.320
'0:49.800',-0.205
'0:49.810',-0.110
'0:49.820',-0.035
'0:49.830',0.000
'0:49.840',0.045
'0:49.850',0.050
'0:49.860',0.065
'0:49.870',0.065
'0:49.880',0.075
'0:49.890',0.080
'0:49.900',0.090
'0:49.910',0.090
'0:49.920',0.085
'0:49.930',0.075
'0:49.940',0.075
'0:49.950',0.060
'0:49.960',0.055
'0:49.970',0.035
'0:49.980',0.035
'0:49.990',0.020
'0:50.000',0.020
'0:50.010',0.015
'0:50.020',0.030
'0:50.030',0.020
'0:50.040',0.035
'0:50.050',0.035
'0:50.060',0.040
'0:50.070',0.040
'0:50.080',0.055
'0:50.090',0.045
'0:50.100',0.045
'0:50.110',0.050
'0:50.120',0.055
'0:50.130',0.065
'0:50.140',0.060
'0:50.150',0.055
'0:50.160',0.060
'0:50.170',0.060
'0:50.180',0.065
'0:50.190',0.060
'0:50.200',0.060
'0:50.210',0.065
'0:50.220',0.065
'0:50.230',0.065
'0:50.240',0.060
'0:50.250',0.080
'0:50.260',0.060
'0:50.270',0.045
'0:50.280',0.020
'0:50.290',-0.010
'0:50.300',-0.090
'0:50.310',-0.095
'0:50.320',-0.050
'0:50.330',-0.005
'0:50.340',0.005
'0:50.350',0.075
'0:50.360',0.115
'0:50.370',0.150
'0:50.380',0.140
'0:50.390',0.150
'0:50.400',0.150
'0:50.410',0.160
'0:50.420',0.155
'0:50.430',0.165
'0:50.440',0.215
'0:50.450',0.245
'0:50.460',-0.050
'0:50.470',-1.075
'0:50.480',-0.855
'0:50.490',-0.060
'0:50.500',0.325
'0:50.510',0.595
'0:50.520',0.655
'0:50.530',0.310
'0:50.540',0.180
'0:50.550',0.175
'0:50.560',0.160
'0:50.570',0.155
'0:50.580',0.145
'0:50.590',0.140
'0:50.600',0.120
'0:50.610',0.125
'0:50.620',0.105
'0:50.630',0.095
'0:50.640',0.075
'0:50.650',0.045
'0:50.660',0.000
'0:50.670',-0.040
'0:50.680',-0.110
'0:50.690',-0.200
'0:50.700',-0.310
'0:50.710',-0.395
'0:50.720',-0.475
'0:50.730',-0.530
'0:50.740',-0.555
'0:50.750',-0.540
'0:50.760',-0.475
'0:50.770',-0.385
'0:50.780',-0.270
'0:50.790',-0.170
'0:50.800',-0.075
'0:50.810',-0.025
'0:50.820',0.020
'0:50.830',0.030
'0:50.840',0.050
'0:50.850',0.065
'0:50.860',0.075
'0:50.870',0.070
'0:50.880',0.090
'0:50.890',0.080
'0:50.900',0.085
'0:50.910',0.075
'0:50.920',0.075
'0:50.930',0.060
'0:50.940',0.050
'0:50.950',0.045
'0:50.960',0.035
'0:50.970',0.020
'0:50.980',0.015
'0:50.990',0.005
'0:51.000',0.015
'0:51.010',0.015
'0:51.020',0.015
'0:51.030',0.015
'0:51.040',0.025
'0:51.050',0.020
'0:51.060',0.030
'0:51.070',0.020
'0:51.080',0.040
'0:51.090',0.035
'0:51.100',0.040
'0:51.110',0.030
'0:51.120',0.040
'0:51.130',0.035
'0:51.140',0.040
'0:51.150',0.035
'0:51.160',0.045
'0:51.170',0.055
'0:51.180',0.050
'0:51.190',0.045
'0:51.200',0.050
'0:51.210',0.045
'0:51.220',0.040
'0:51.230',0.045
'0:51.240',0.055
'0:51.250',0.045
'0:51.260',0.050
'0:51.270',0.035
'0:51.280',0.030
'0:51.290',-0.005
'0:51.300',-0.045
'0:51.310',-0.115
'0:51.320',-0.135
'0:51.330',-0.080
'0:51.340',-0.035
'0:51.350',-0.010
'0:51.360',0.055
'0:51.370',0.085
'0:51.380',0.125
'0:51.390',0.115
'0:51.400',0.125
'0:51.410',0.125
'0:51.420',0.135
'0:51.430',0.125
'0:51.440',0.135
'0:51.450',0.130
'0:51.460',0.265
'0:51.470',0.105
'0:51.480',-0.785
'0:51.490',-0.950
'0:51.500',-0.305
'0:51.510',0.220
'0:51.520',0.550
'0:51.530',0.660
'0:51.540',0.455
'0:51.550',0.175
'0:51.560',0.155
'0:51.570',0.135
'0:51.580',0.135
'0:51.590',0.125
'0:51.600',0.115
'0:51.610',0.115
'0:51.620',0.105
'0:51.630',0.090
'0:51.640',0.090
'0:51.650',0.055
'0:51.660',0.040
'0:51.670',0.000
'0:51.680',-0.030
'0:51.690',-0.110
'0:51.700',-0.170
'0:51.710',-0.280
'0:51.720',-0.390
'0:51.730',-0.475
'0:51.740',-0.530
'0:51.750',-0.570
'0:51.760',-0.590
'0:51.770',-0.535
'0:51.780',-0.455
'0:51.790',-0.360
'0:51.800',-0.245
'0:51.810',-0.160
'0:51.820',-0.070
'0:51.830',-0.020
'0:51.840',0.010
'0:51.850',0.035
'0:51.860',0.045
'0:51.870',0.040
'0:51.880',0.060
'0:51.890',0.060
'0:51.900',0.060
'0:51.910',0.065
'0:51.920',0.060
'0:51.930',0.065
'0:51.940',0.040
'0:51.950',0.040
'0:51.960',0.035
'0:51.970',0.025
'0:51.980',0.020
'0:51.990',-0.010
'0:52.000',0.005
'0:52.010',0.000
'0:52.020',0.005
'0:52.030',0.000
'0:52.040',0.000
'0:52.050',0.000
'0:52.060',0.020
'0:52.070',0.000
'0:52.080',0.030
'0:52.090',0.020
'0:52.100',0.025
'0:52.110',0.020
'0:52.120',0.035
'0:52.130',0.020
'0:52.140',0.045
'0:52.150',0.035
'0:52.160',0.035
'0:52.170',0.030
'0:52.180',0.055
'0:52.190',0.035
'0:52.200',0.040
'0:52.210',0.040
'0:52.220',0.040
'0:52.230',0.055
'0:52.240',0.050
'0:52.250',0.025
'0:52.260',0.020
'0:52.270',-0.015
'0:52.280',-0.060
'0:52.290',-0.135
'0:52.300',-0.110
'0:52.310',-0.060
'0:52.320',-0.020
'0:52.330',0.010
'0:52.340',0.080
'0:52.350',0.105
'0:52.360',0.130
'0:52.370',0.130
'0:52.380',0.145
'0:52.390',0.120
'0:52.400',0.140
'0:52.410',0.130
'0:52.420',0.140
'0:52.430',0.280
'0:52.440',0.220
'0:52.450',-0.410
'0:52.460',-1.265
'0:52.470',-0.715
'0:52.480',0.190
'0:52.490',0.405
'0:52.500',0.625
'0:52.510',0.630
'0:52.520',0.300
'0:52.530',0.180
'0:52.540',0.185
'0:52.550',0.140
'0:52.560',0.150
'0:52.570',0.120
'0:52.580',0.150
'0:52.590',0.100
'0:52.600',0.105
'0:52.610',0.085
'0:52.620',0.075
'0:52.630',0.040
'0:52.640',0.030
'0:52.650',-0.010
'0:52.660',-0.065
'0:52.670',-0.155
'0:52.680',-0.240
'0:52.690',-0.330
'0:52.700',-0.420
'0:52.710',-0.500
'0:52.720',-0.535
'0:52.730',-0.570
'0:52.740',-0.530
'0:52.750',-0.465
'0:52.760',-0.370
'0:52.770',-0.270
'0:52.780',-0.155
'0:52.790',-0.080
'0:52.800',-0.020
'0:52.810',0.020
'0:52.820',0.040
'0:52.830',0.055
'0:52.840',0.075
'0:52.850',0.080
'0:52.860',0.085
'0:52.870',0.075
'0:52.880',0.090
'0:52.890',0.065
'0:52.900',0.080
'0:52.910',0.070
'0:52.920',0.060
'0:52.930',0.050
'0:52.940',0.030
'0:52.950',0.005
'0:52.960',0.025
'0:52.970',0.015
'0:52.980',0.030
'0:52.990',0.005
'0:53.000',0.025
'0:53.010',0.035
'0:53.020',0.030
'0:53.030',0.025
'0:53.040',0.040
'0:53.050',0.040
'0:53.060',0.035
'0:53.070',0.035
'0:53.080',0.045
'0:53.090',0.045
'0:53.100',0.050
'0:53.110',0.050
'0:53.120',0.050
'0:53.130',0.055
'0:53.140',0.045
'0:53.150',0.045
'0:53.160',0.060
'0:53.170',0.060
'0:53.180',0.060
'0:53.190',0.060
'0:53.200',0.070
'0:53.210',0.060
'0:53.220',0.035
'0:53.230',0.000
'0:53.240',-0.060
'0:53.250',-0.135
'0:53.260',-0.075
'0:53.270',-0.015
'0:53.280',0.010
'0:53.290',0.065
'0:53.300',0.095
'0:53.310',0.135
'0:53.320',0.160
'0:53.330',0.155
'0:53.340',0.165
'0:53.350',0.165
'0:53.360',0.170
'0:53.370',0.165
'0:53.380',0.185
'0:53.390',0.310
'0:53.400',0.160
'0:53.410',-0.845
'0:53.420',-1.145
'0:53.430',-0.390
'0:53.440',0.250
'0:53.450',0.550
'0:53.460',0.675
'0:53.470',0.510
'0:53.480',0.230
'0:53.490',0.180
'0:53.500',0.185
'0:53.510',0.160
'0:53.520',0.155
'0:53.530',0.155
'0:53.540',0.150
'0:53.550',0.130
'0:53.560',0.120
'0:53.570',0.100
'0:53.580',0.080
'0:53.590',0.055
'0:53.600',0.025
'0:53.610',-0.015
'0:53.620',-0.075
'0:53.630',-0.165
'0:53.640',-0.260
'0:53.650',-0.385
'0:53.660',-0.465
'0:53.670',-0.535
'0:53.680',-0.570
'0:53.690',-0.580
'0:53.700',-0.550
'0:53.710',-0.460
'0:53.720',-0.335
'0:53.730',-0.220
'0:53.740',-0.130
'0:53.750',-0.055
'0:53.760',0.000
'0:53.770',0.030
'0:53.780',0.055
'0:53.790',0.055
'0:53.800',0.070
'0:53.810',0.070
'0:53.820',0.080
'0:53.830',0.070
'0:53.840',0.085
'0:53.850',0.075
'0:53.860',0.075
'0:53.870',0.065
'0:53.880',0.065
'0:53.890',0.040
'0:53.900',0.045
'0:53.910',0.030
'0:53.920',0.025
'0:53.930',0.010
'0:53.940',0.020
'0:53.950',0.005
'0:53.960',0.015
'0:53.970',0.025
'0:53.980',0.025
'0:53.990',0.030
'0:54.000',0.035
'0:54.010',0.030
'0:54.020',0.040
'0:54.030',0.050
'0:54.040',0.055
'0:54.050',0.050
'0:54.060',0.060
'0:54.070',0.060
'0:54.080',0.060
'0:54.090',0.055
'0:54.100',0.055
'0:54.110',0.055
'0:54.120',0.060
'0:54.130',0.055
'0:54.140',0.060
'0:54.150',0.065
'0:54.160',0.075
'0:54.170',0.075
'0:54.180',0.065
'0:54.190',0.055
'0:54.200',0.035
'0:54.210',0.000
'0:54.220',-0.060
'0:54.230',-0.130
'0:54.240',-0.070
'0:54.250',-0.015
'0:54.260',0.000
'0:54.270',0.045
'0:54.280',0.095
'0:54.290',0.125
'0:54.300',0.145
'0:54.310',0.140
'0:54.320',0.150
'0:54.330',0.145
'0:54.340',0.150
'0:54.350',0.155
'0:54.360',0.155
'0:54.370',0.290
'0:54.380',0.165
'0:54.390',-0.720
'0:54.400',-1.075
'0:54.410',-0.485
'0:54.420',0.205
'0:54.430',0.530
'0:54.440',0.665
'0:54.450',0.485
'0:54.460',0.200
'0:54.470',0.180
'0:54.480',0.165
'0:54.490',0.150
'0:54.500',0.145
'0:54.510',0.140
'0:54.520',0.135
'0:54.530',0.125
'0:54.540',0.120
'0:54.550',0.105
'0:54.560',0.090
'0:54.570',0.060
'0:54.580',0.030
'0:54.590',-0.010
'0:54.600',-0.060
'0:54.610',-0.155
'0:54.620',-0.245
'0:54.630',-0.355
'0:54.640',-0.450
'0:54.650',-0.525
'0:54.660',-0.565
'0:54.670',-0.580
'0:54.680',-0.535
'0:54.690',-0.450
'0:54.700',-0.345
'0:54.710',-0.235
'0:54.720',-0.125
'0:54.730',-0.055
'0:54.740',0.000
'0:54.750',0.020
'0:54.760',0.045
'0:54.770',0.050
'0:54.780',0.060
'0:54.790',0.055
'0:54.800',0.070
'0:54.810',0.065
'0:54.820',0.070
'0:54.830',0.065
'0:54.840',0.075
'0:54.850',0.070
'0:54.860',0.060
'0:54.870',0.045
'0:54.880',0.040
'0:54.890',0.025
'0:54.900',0.015
'0:54.910',0.010
'0:54.920',0.015
'0:54.930',0.015
'0:54.940',0.015
'0:54.950',0.015
'0:54.960',0.015
'0:54.970',0.025
'0:54.980',0.025
'0:54.990',0.025
'0:55.000',0.040
'0:55.010',0.030
'0:55.020',0.050
'0:55.030',0.035
'0:55.040',0.060
'0:55.050',0.040
'0:55.060',0.055
'0:55.070',0.050
'0:55.080',0.060
'0:55.090',0.050
'0:55.100',0.060
'0:55.110',0.050
'0:55.120',0.060
'0:55.130',0.050
'0:55.140',0.065
'0:55.150',0.050
'0:55.160',0.070
'0:55.170',0.045
'0:55.180',0.040
'0:55.190',0.000
'0:55.200',-0.030
'0:55.210',-0.115
'0:55.220',-0.080
'0:55.230',-0.055
'0:55.240',-0.005
'0:55.250',0.010
'0:55.260',0.080
'0:55.270',0.105
'0:55.280',0.135
'0:55.290',0.115
'0:55.300',0.140
'0:55.310',0.130
'0:55.320',0.150
'0:55.330',0.125
'0:55.340',0.150
'0:55.350',0.180
'0:55.360',0.215
'0:55.370',-0.095
'0:55.380',-1.055
'0:55.390',-0.785
'0:55.400',-0.010
'0:55.410',0.335
'0:55.420',0.600
'0:55.430',0.630
'0:55.440',0.295
'0:55.450',0.150
'0:55.460',0.170
'0:55.470',0.140
'0:55.480',0.140
'0:55.490',0.125
'0:55.500',0.130
'0:55.510',0.110
'0:55.520',0.120
'0:55.530',0.085
'0:55.540',0.085
'0:55.550',0.050
'0:55.560',0.045
'0:55.570',0.000
'0:55.580',-0.030
'0:55.590',-0.130
'0:55.600',-0.210
'0:55.610',-0.330
'0:55.620',-0.425
'0:55.630',-0.515
'0:55.640',-0.560
'0:55.650',-0.605
'0:55.660',-0.600
'0:55.670',-0.540
'0:55.680',-0.430
'0:55.690',-0.335
'0:55.700',-0.220
'0:55.710',-0.135
'0:55.720',-0.060
'0:55.730',-0.025
'0:55.740',0.010
'0:55.750',0.010
'0:55.760',0.040
'0:55.770',0.035
'0:55.780',0.045
'0:55.790',0.045
'0:55.800',0.065
'0:55.810',0.055
'0:55.820',0.060
'0:55.830',0.055
'0:55.840',0.070
'0:55.850',0.040
'0:55.860',0.040
'0:55.870',0.010
'0:55.880',0.025
'0:55.890',0.025
'0:55.900',0.005
'0:55.910',0.000
'0:55.920',-0.005
'0:55.930',0.000
'0:55.940',0.010
'0:55.950',0.025
'0:55.960',0.015
'0:55.970',0.020
'0:55.980',0.035
'0:55.990',0.020
'0:56.000',0.025
'0:56.010',0.020
'0:56.020',0.040
'0:56.030',0.035
'0:56.040',0.035
'0:56.050',0.040
'0:56.060',0.045
'0:56.070',0.050
'0:56.080',0.065
'0:56.090',0.045
'0:56.100',0.060
'0:56.110',0.050
'0:56.120',0.060
'0:56.130',0.080
'0:56.140',0.060
'0:56.150',0.040
'0:56.160',0.020
'0:56.170',-0.030
'0:56.180',-0.105
'0:56.190',-0.125
'0:56.200',-0.055
'0:56.210',-0.020
'0:56.220',0.020
'0:56.230',0.070
'0:56.240',0.130
'0:56.250',0.135
'0:56.260',0.135
'0:56.270',0.125
'0:56.280',0.140
'0:56.290',0.150
'0:56.300',0.140
'0:56.310',0.145
'0:56.320',0.255
'0:56.330',0.245
'0:56.340',-0.175
'0:56.350',-1.250
'0:56.360',-0.865
'0:56.370',0.085
'0:56.380',0.340
'0:56.390',0.595
'0:56.400',0.665
'0:56.410',0.360
'0:56.420',0.175
'0:56.430',0.175
'0:56.440',0.150
'0:56.450',0.155
'0:56.460',0.130
'0:56.470',0.120
'0:56.480',0.125
'0:56.490',0.120
'0:56.500',0.100
'0:56.510',0.080
'0:56.520',0.065
'0:56.530',0.035
'0:56.540',0.015
'0:56.550',-0.040
'0:56.560',-0.105
'0:56.570',-0.190
'0:56.580',-0.290
'0:56.590',-0.395
'0:56.600',-0.485
'0:56.610',-0.540
'0:56.620',-0.565
'0:56.630',-0.555
'0:56.640',-0.480
'0:56.650',-0.410
'0:56.660',-0.295
'0:56.670',-0.185
'0:56.680',-0.100
'0:56.690',-0.035
'0:56.700',0.015
'0:56.710',0.045
'0:56.720',0.055
'0:56.730',0.065
'0:56.740',0.080
'0:56.750',0.080
'0:56.760',0.095
'0:56.770',0.095
'0:56.780',0.090
'0:56.790',0.105
'0:56.800',0.095
'0:56.810',0.065
'0:56.820',0.065
'0:56.830',0.055
'0:56.840',0.050
'0:56.850',0.040
'0:56.860',0.025
'0:56.870',0.030
'0:56.880',0.030
'0:56.890',0.035
'0:56.900',0.030
'0:56.910',0.035
'0:56.920',0.040
'0:56.930',0.060
'0:56.940',0.045
'0:56.950',0.065
'0:56.960',0.065
'0:56.970',0.065
'0:56.980',0.070
'0:56.990',0.070
'0:57.000',0.070
'0:57.010',0.070
'0:57.020',0.075
'0:57.030',0.065
'0:57.040',0.075
'0:57.050',0.080
'0:57.060',0.075
'0:57.070',0.085
'0:57.080',0.080
'0:57.090',0.050
'0:57.100',0.020
'0:57.110',-0.025
'0:57.120',-0.110
'0:57.130',-0.095
'0:57.140',-0.030
'0:57.150',-0.005
'0:57.160',0.035
'0:57.170',0.090
'0:57.180',0.135
'0:57.190',0.160
'0:57.200',0.165
'0:57.210',0.175
'0:57.220',0.150
'0:57.230',0.165
'0:57.240',0.165
'0:57.250',0.170
'0:57.260',0.295
'0:57.270',0.215
'0:57.280',-0.485
'0:57.290',-1.245
'0:57.300',-0.675
'0:57.310',0.195
'0:57.320',0.475
'0:57.330',0.650
'0:57.340',0.625
'0:57.350',0.270
'0:57.360',0.185
'0:57.370',0.180
'0:57.380',0.175
'0:57.390',0.160
'0:57.400',0.150
'0:57.410',0.130
'0:57.420',0.125
'0:57.430',0.130
'0:57.440',0.115
'0:57.450',0.090
'0:57.460',0.060
'0:57.470',0.040
'0:57.480',0.000
'0:57.490',-0.045
'0:57.500',-0.135
'0:57.510',-0.225
'0:57.520',-0.350
'0:57.530',-0.445
'0:57.540',-0.515
'0:57.550',-0.570
'0:57.560',-0.600
'0:57.570',-0.580
'0:57.580',-0.495
'0:57.590',-0.375
'0:57.600',-0.265
'0:57.610',-0.155
'0:57.620',-0.065
'0:57.630',-0.015
'0:57.640',0.020
'0:57.650',0.040
'0:57.660',0.060
'0:57.670',0.065
'0:57.680',0.080
'0:57.690',0.075
'0:57.700',0.095
'0:57.710',0.095
'0:57.720',0.100
'0:57.730',0.095
'0:57.740',0.095
'0:57.750',0.075
'0:57.760',0.070
'0:57.770',0.060
'0:57.780',0.055
'0:57.790',0.035
'0:57.800',0.030
'0:57.810',0.015
'0:57.820',0.025
'0:57.830',0.010
'0:57.840',0.025
'0:57.850',0.025
'0:57.860',0.035
'0:57.870',0.040
'0:57.880',0.045
'0:57.890',0.050
'0:57.900',0.045
'0:57.910',0.050
'0:57.920',0.050
'0:57.930',0.045
'0:57.940',0.050
'0:57.950',0.055
'0:57.960',0.055
'0:57.970',0.050
'0:57.980',0.055
'0:57.990',0.055
'0:58.000',0.060
'0:58.010',0.060
'0:58.020',0.060
'0:58.030',0.065
'0:58.040',0.080
'0:58.050',0.060
'0:58.060',0.060
'0:58.070',0.025
'0:58.080',0.005
'0:58.090',-0.060
'0:58.100',-0.125
'0:58.110',-0.075
'0:58.120',-0.005
'0:58.130',0.005
'0:58.140',0.060
'0:58.150',0.090
'0:58.160',0.140
'0:58.170',0.135
'0:58.180',0.145
'0:58.190',0.135
'0:58.200',0.155
'0:58.210',0.145
'0:58.220',0.155
'0:58.230',0.160
'0:58.240',0.275
'0:58.250',0.090
'0:58.260',-0.925
'0:58.270',-1.090
'0:58.280',-0.365
'0:58.290',0.220
'0:58.300',0.555
'0:58.310',0.655
'0:58.320',0.420
'0:58.330',0.175
'0:58.340',0.180
'0:58.350',0.145
'0:58.360',0.145
'0:58.370',0.135
'0:58.380',0.130
'0:58.390',0.130
'0:58.400',0.120
'0:58.410',0.100
'0:58.420',0.095
'0:58.430',0.075
'0:58.440',0.050
'0:58.450',0.010
'0:58.460',-0.015
'0:58.470',-0.085
'0:58.480',-0.170
'0:58.490',-0.275
'0:58.500',-0.390
'0:58.510',-0.480
'0:58.520',-0.545
'0:58.530',-0.585
'0:58.540',-0.600
'0:58.550',-0.565
'0:58.560',-0.475
'0:58.570',-0.365
'0:58.580',-0.245
'0:58.590',-0.145
'0:58.600',-0.070
'0:58.610',-0.020
'0:58.620',0.010
'0:58.630',0.025
'0:58.640',0.050
'0:58.650',0.050
'0:58.660',0.055
'0:58.670',0.050
'0:58.680',0.065
'0:58.690',0.065
'0:58.700',0.060
'0:58.710',0.060
'0:58.720',0.060
'0:58.730',0.045
'0:58.740',0.045
'0:58.750',0.030
'0:58.760',0.030
'0:58.770',0.020
'0:58.780',0.020
'0:58.790',0.015
'0:58.800',0.005
'0:58.810',0.015
'0:58.820',0.015
'0:58.830',0.020
'0:58.840',0.020
'0:58.850',0.025
'0:58.860',0.030
'0:58.870',0.030
'0:58.880',0.040
'0:58.890',0.040
'0:58.900',0.045
'0:58.910',0.045
'0:58.920',0.050
'0:58.930',0.045
'0:58.940',0.055
'0:58.950',0.050
'0:58.960',0.065
'0:58.970',0.055
'0:58.980',0.060
'0:58.990',0.055
'0:59.000',0.065
'0:59.010',0.065
'0:59.020',0.070
'0:59.030',0.060
'0:59.040',0.055
'0:59.050',0.040
'0:59.060',0.020
'0:59.070',-0.005
'0:59.080',-0.075
'0:59.090',-0.125
'0:59.100',-0.070
'0:59.110',-0.030
'0:59.120',0.000
'0:59.130',0.055
'0:59.140',0.095
'0:59.150',0.130
'0:59.160',0.140
'0:59.170',0.130
'0:59.180',0.145
'0:59.190',0.150
'0:59.200',0.150
'0:59.210',0.145
'0:59.220',0.145
'0:59.230',0.265
'0:59.240',0.155
'0:59.250',-0.655
'0:59.260',-1.015
'0:59.270',-0.480
'0:59.280',0.180
'0:59.290',0.510
'0:59.300',0.640
'0:59.310',0.465
'0:59.320',0.185
'0:59.330',0.170
'0:59.340',0.160
'0:59.350',0.145
'0:59.360',0.135
'0:59.370',0.140
'0:59.380',0.125
'0:59.390',0.110
'0:59.400',0.110
'0:59.410',0.100
'0:59.420',0.075
'0:59.430',0.050
'0:59.440',0.035
'0:59.450',-0.015
'0:59.460',-0.070
'0:59.470',-0.150
'0:59.480',-0.235
'0:59.490',-0.350
'0:59.500',-0.450
'0:59.510',-0.525
'0:59.520',-0.570
'0:59.530',-0.600
'0:59.540',-0.565
'0:59.550',-0.500
'0:59.560',-0.395
'0:59.570',-0.280
'0:59.580',-0.160
'0:59.590',-0.095
'0:59.600',-0.025
'0:59.610',0.000
'0:59.620',0.020
'0:59.630',0.025
'0:59.640',0.045
'0:59.650',0.040
'0:59.660',0.050
'0:59.670',0.055
'0:59.680',0.060
'0:59.690',0.065
'0:59.700',0.075
'0:59.710',0.065
'0:59.720',0.060
'0:59.730',0.045
'0:59.740',0.055
'0:59.750',0.035
'0:59.760',0.025
'0:59.770',0.020
'0:59.780',0.010
'0:59.790',0.010
'0:59.800',0.015
'0:59.810',0.010
'0:59.820',0.015
'0:59.830',0.035
'0:59.840',0.035
'0:59.850',0.025
'0:59.860',0.030
'0:59.870',0.020
'0:59.880',0.025
'0:59.890',0.030
'0:59.900',0.045
'0:59.910',0.030
'0:59.920',0.050
'0:59.930',0.050
'0:59.940',0.050
'0:59.950',0.035
'0:59.960',0.050
'0:59.970',0.040
'0:59.980',0.050
'0:59.990',0.050
